-1596,32,IhGX8qtpsn8uLog7DjQf68sG6FM=,h+6fBmMa7wOGXtZCc6ICH8bS0EI=
-1595,32,IhGX8qtpsn8uLog7DjQf68sG6FM=,h+6fBmMa7wOGXtZCc6ICH8bS0EI=
-1594,32,IhGX8qtpsn8uLog7DjQf68sG6FM=,h+6fBmMa7wOGXtZCc6ICH8bS0EI=
-1593,32,IhGX8qtpsn8uLog7DjQf68sG6FM=,h+6fBmMa7wOGXtZCc6ICH8bS0EI=
-1598,32,IhGX8qtpsn8uLog7DjQf68sG6FM=,h+6fBmMa7wOGXtZCc6ICH8bS0EI=
-1593,47,IhGX8qtpsn8uLog7DjQf68sG6FM=,h+6fBmMa7wOGXtZCc6ICH8bS0EI=
-1594,47,IhGX8qtpsn8uLog7DjQf68sG6FM=,h+6fBmMa7wOGXtZCc6ICH8bS0EI=
-1595,47,IhGX8qtpsn8uLog7DjQf68sG6FM=,h+6fBmMa7wOGXtZCc6ICH8bS0EI=
-1600,32,IhGX8qtpsn8uLog7DjQf68sG6FM=,h+6fBmMa7wOGXtZCc6ICH8bS0EI=
-1585,46,IhGX8qtpsn8uLog7DjQf68sG6FM=,h+6fBmMa7wOGXtZCc6ICH8bS0EI=
-1596,47,IhGX8qtpsn8uLog7DjQf68sG6FM=,h+6fBmMa7wOGXtZCc6ICH8bS0EI=
-1585,47,IhGX8qtpsn8uLog7DjQf68sG6FM=,h+6fBmMa7wOGXtZCc6ICH8bS0EI=
-1593,46,IhGX8qtpsn8uLog7DjQf68sG6FM=,h+6fBmMa7wOGXtZCc6ICH8bS0EI=
-1590,46,IhGX8qtpsn8uLog7DjQf68sG6FM=,h+6fBmMa7wOGXtZCc6ICH8bS0EI=
-1589,46,IhGX8qtpsn8uLog7DjQf68sG6FM=,h+6fBmMa7wOGXtZCc6ICH8bS0EI=
-1594,46,IhGX8qtpsn8uLog7DjQf68sG6FM=,h+6fBmMa7wOGXtZCc6ICH8bS0EI=
-1591,46,IhGX8qtpsn8uLog7DjQf68sG6FM=,h+6fBmMa7wOGXtZCc6ICH8bS0EI=
-1596,46,IhGX8qtpsn8uLog7DjQf68sG6FM=,h+6fBmMa7wOGXtZCc6ICH8bS0EI=
-1595,46,IhGX8qtpsn8uLog7DjQf68sG6FM=,h+6fBmMa7wOGXtZCc6ICH8bS0EI=
-1600,47,IhGX8qtpsn8uLog7DjQf68sG6FM=,h+6fBmMa7wOGXtZCc6ICH8bS0EI=
-1585,45,IhGX8qtpsn8uLog7DjQf68sG6FM=,h+6fBmMa7wOGXtZCc6ICH8bS0EI=
-1588,46,IhGX8qtpsn8uLog7DjQf68sG6FM=,h+6fBmMa7wOGXtZCc6ICH8bS0EI=
-1592,46,IhGX8qtpsn8uLog7DjQf68sG6FM=,h+6fBmMa7wOGXtZCc6ICH8bS0EI=
-1590,47,IhGX8qtpsn8uLog7DjQf68sG6FM=,h+6fBmMa7wOGXtZCc6ICH8bS0EI=
-1586,46,IhGX8qtpsn8uLog7DjQf68sG6FM=,h+6fBmMa7wOGXtZCc6ICH8bS0EI=
-1599,47,IhGX8qtpsn8uLog7DjQf68sG6FM=,h+6fBmMa7wOGXtZCc6ICH8bS0EI=
-1597,32,IhGX8qtpsn8uLog7DjQf68sG6FM=,h+6fBmMa7wOGXtZCc6ICH8bS0EI=
-1598,47,IhGX8qtpsn8uLog7DjQf68sG6FM=,h+6fBmMa7wOGXtZCc6ICH8bS0EI=
-1591,47,IhGX8qtpsn8uLog7DjQf68sG6FM=,h+6fBmMa7wOGXtZCc6ICH8bS0EI=
-1595,45,IhGX8qtpsn8uLog7DjQf68sG6FM=,h+6fBmMa7wOGXtZCc6ICH8bS0EI=
-1594,45,IhGX8qtpsn8uLog7DjQf68sG6FM=,h+6fBmMa7wOGXtZCc6ICH8bS0EI=
-1596,45,IhGX8qtpsn8uLog7DjQf68sG6FM=,h+6fBmMa7wOGXtZCc6ICH8bS0EI=
-1599,32,IhGX8qtpsn8uLog7DjQf68sG6FM=,h+6fBmMa7wOGXtZCc6ICH8bS0EI=
-1599,46,IhGX8qtpsn8uLog7DjQf68sG6FM=,h+6fBmMa7wOGXtZCc6ICH8bS0EI=
-1598,46,IhGX8qtpsn8uLog7DjQf68sG6FM=,h+6fBmMa7wOGXtZCc6ICH8bS0EI=
-1593,45,IhGX8qtpsn8uLog7DjQf68sG6FM=,h+6fBmMa7wOGXtZCc6ICH8bS0EI=
-1586,45,IhGX8qtpsn8uLog7DjQf68sG6FM=,h+6fBmMa7wOGXtZCc6ICH8bS0EI=
-1588,45,IhGX8qtpsn8uLog7DjQf68sG6FM=,h+6fBmMa7wOGXtZCc6ICH8bS0EI=
-1585,44,IhGX8qtpsn8uLog7DjQf68sG6FM=,h+6fBmMa7wOGXtZCc6ICH8bS0EI=
-1597,46,IhGX8qtpsn8uLog7DjQf68sG6FM=,h+6fBmMa7wOGXtZCc6ICH8bS0EI=
-1586,47,IhGX8qtpsn8uLog7DjQf68sG6FM=,h+6fBmMa7wOGXtZCc6ICH8bS0EI=
-1600,46,IhGX8qtpsn8uLog7DjQf68sG6FM=,h+6fBmMa7wOGXtZCc6ICH8bS0EI=
-1587,47,IhGX8qtpsn8uLog7DjQf68sG6FM=,h+6fBmMa7wOGXtZCc6ICH8bS0EI=
-1589,47,IhGX8qtpsn8uLog7DjQf68sG6FM=,h+6fBmMa7wOGXtZCc6ICH8bS0EI=
-1591,44,IhGX8qtpsn8uLog7DjQf68sG6FM=,h+6fBmMa7wOGXtZCc6ICH8bS0EI=
-1593,44,IhGX8qtpsn8uLog7DjQf68sG6FM=,h+6fBmMa7wOGXtZCc6ICH8bS0EI=
-1594,44,IhGX8qtpsn8uLog7DjQf68sG6FM=,h+6fBmMa7wOGXtZCc6ICH8bS0EI=
-1596,44,IhGX8qtpsn8uLog7DjQf68sG6FM=,h+6fBmMa7wOGXtZCc6ICH8bS0EI=
-1595,44,IhGX8qtpsn8uLog7DjQf68sG6FM=,h+6fBmMa7wOGXtZCc6ICH8bS0EI=
-1586,44,IhGX8qtpsn8uLog7DjQf68sG6FM=,h+6fBmMa7wOGXtZCc6ICH8bS0EI=
-1587,45,IhGX8qtpsn8uLog7DjQf68sG6FM=,h+6fBmMa7wOGXtZCc6ICH8bS0EI=
-1589,45,IhGX8qtpsn8uLog7DjQf68sG6FM=,h+6fBmMa7wOGXtZCc6ICH8bS0EI=
-1592,32,IhGX8qtpsn8uLog7DjQf68sG6FM=,h+6fBmMa7wOGXtZCc6ICH8bS0EI=
-1597,47,IhGX8qtpsn8uLog7DjQf68sG6FM=,h+6fBmMa7wOGXtZCc6ICH8bS0EI=
-1585,43,IhGX8qtpsn8uLog7DjQf68sG6FM=,h+6fBmMa7wOGXtZCc6ICH8bS0EI=
-1587,46,IhGX8qtpsn8uLog7DjQf68sG6FM=,h+6fBmMa7wOGXtZCc6ICH8bS0EI=
-1591,45,IhGX8qtpsn8uLog7DjQf68sG6FM=,h+6fBmMa7wOGXtZCc6ICH8bS0EI=
-1588,44,IhGX8qtpsn8uLog7DjQf68sG6FM=,h+6fBmMa7wOGXtZCc6ICH8bS0EI=
-1592,47,IhGX8qtpsn8uLog7DjQf68sG6FM=,h+6fBmMa7wOGXtZCc6ICH8bS0EI=
-1588,47,IhGX8qtpsn8uLog7DjQf68sG6FM=,h+6fBmMa7wOGXtZCc6ICH8bS0EI=
-1590,44,IhGX8qtpsn8uLog7DjQf68sG6FM=,h+6fBmMa7wOGXtZCc6ICH8bS0EI=
-1592,44,IhGX8qtpsn8uLog7DjQf68sG6FM=,h+6fBmMa7wOGXtZCc6ICH8bS0EI=
-1592,43,IhGX8qtpsn8uLog7DjQf68sG6FM=,h+6fBmMa7wOGXtZCc6ICH8bS0EI=
-1587,44,IhGX8qtpsn8uLog7DjQf68sG6FM=,h+6fBmMa7wOGXtZCc6ICH8bS0EI=
-1589,44,IhGX8qtpsn8uLog7DjQf68sG6FM=,h+6fBmMa7wOGXtZCc6ICH8bS0EI=
-1590,45,IhGX8qtpsn8uLog7DjQf68sG6FM=,h+6fBmMa7wOGXtZCc6ICH8bS0EI=
-1599,45,IhGX8qtpsn8uLog7DjQf68sG6FM=,h+6fBmMa7wOGXtZCc6ICH8bS0EI=
-1600,45,IhGX8qtpsn8uLog7DjQf68sG6FM=,h+6fBmMa7wOGXtZCc6ICH8bS0EI=
-1593,43,IhGX8qtpsn8uLog7DjQf68sG6FM=,h+6fBmMa7wOGXtZCc6ICH8bS0EI=
-1592,45,IhGX8qtpsn8uLog7DjQf68sG6FM=,h+6fBmMa7wOGXtZCc6ICH8bS0EI=
-1591,32,IhGX8qtpsn8uLog7DjQf68sG6FM=,h+6fBmMa7wOGXtZCc6ICH8bS0EI=
-1586,43,IhGX8qtpsn8uLog7DjQf68sG6FM=,h+6fBmMa7wOGXtZCc6ICH8bS0EI=
-1599,44,IhGX8qtpsn8uLog7DjQf68sG6FM=,h+6fBmMa7wOGXtZCc6ICH8bS0EI=
-1600,44,IhGX8qtpsn8uLog7DjQf68sG6FM=,h+6fBmMa7wOGXtZCc6ICH8bS0EI=
-1598,45,IhGX8qtpsn8uLog7DjQf68sG6FM=,h+6fBmMa7wOGXtZCc6ICH8bS0EI=
-1585,42,IhGX8qtpsn8uLog7DjQf68sG6FM=,h+6fBmMa7wOGXtZCc6ICH8bS0EI=
-1590,32,IhGX8qtpsn8uLog7DjQf68sG6FM=,h+6fBmMa7wOGXtZCc6ICH8bS0EI=
-1597,43,IhGX8qtpsn8uLog7DjQf68sG6FM=,h+6fBmMa7wOGXtZCc6ICH8bS0EI=
-1597,44,IhGX8qtpsn8uLog7DjQf68sG6FM=,h+6fBmMa7wOGXtZCc6ICH8bS0EI=
-1598,44,IhGX8qtpsn8uLog7DjQf68sG6FM=,h+6fBmMa7wOGXtZCc6ICH8bS0EI=
-1596,43,IhGX8qtpsn8uLog7DjQf68sG6FM=,h+6fBmMa7wOGXtZCc6ICH8bS0EI=
-1597,45,IhGX8qtpsn8uLog7DjQf68sG6FM=,h+6fBmMa7wOGXtZCc6ICH8bS0EI=
-1590,42,IhGX8qtpsn8uLog7DjQf68sG6FM=,h+6fBmMa7wOGXtZCc6ICH8bS0EI=
-1588,43,IhGX8qtpsn8uLog7DjQf68sG6FM=,h+6fBmMa7wOGXtZCc6ICH8bS0EI=
-1595,43,IhGX8qtpsn8uLog7DjQf68sG6FM=,h+6fBmMa7wOGXtZCc6ICH8bS0EI=
-1589,43,IhGX8qtpsn8uLog7DjQf68sG6FM=,h+6fBmMa7wOGXtZCc6ICH8bS0EI=
-1587,43,IhGX8qtpsn8uLog7DjQf68sG6FM=,h+6fBmMa7wOGXtZCc6ICH8bS0EI=
-1593,42,IhGX8qtpsn8uLog7DjQf68sG6FM=,h+6fBmMa7wOGXtZCc6ICH8bS0EI=
-1597,42,IhGX8qtpsn8uLog7DjQf68sG6FM=,h+6fBmMa7wOGXtZCc6ICH8bS0EI=
-1598,42,IhGX8qtpsn8uLog7DjQf68sG6FM=,h+6fBmMa7wOGXtZCc6ICH8bS0EI=
-1595,42,IhGX8qtpsn8uLog7DjQf68sG6FM=,h+6fBmMa7wOGXtZCc6ICH8bS0EI=
-1591,43,IhGX8qtpsn8uLog7DjQf68sG6FM=,h+6fBmMa7wOGXtZCc6ICH8bS0EI=
-1596,42,IhGX8qtpsn8uLog7DjQf68sG6FM=,h+6fBmMa7wOGXtZCc6ICH8bS0EI=
-1599,42,IhGX8qtpsn8uLog7DjQf68sG6FM=,h+6fBmMa7wOGXtZCc6ICH8bS0EI=
-1592,42,IhGX8qtpsn8uLog7DjQf68sG6FM=,h+6fBmMa7wOGXtZCc6ICH8bS0EI=
-1589,42,IhGX8qtpsn8uLog7DjQf68sG6FM=,h+6fBmMa7wOGXtZCc6ICH8bS0EI=
-1587,42,IhGX8qtpsn8uLog7DjQf68sG6FM=,h+6fBmMa7wOGXtZCc6ICH8bS0EI=
-1596,41,IhGX8qtpsn8uLog7DjQf68sG6FM=,h+6fBmMa7wOGXtZCc6ICH8bS0EI=
-1590,43,IhGX8qtpsn8uLog7DjQf68sG6FM=,h+6fBmMa7wOGXtZCc6ICH8bS0EI=
-1589,32,IhGX8qtpsn8uLog7DjQf68sG6FM=,h+6fBmMa7wOGXtZCc6ICH8bS0EI=
-1594,43,IhGX8qtpsn8uLog7DjQf68sG6FM=,h+6fBmMa7wOGXtZCc6ICH8bS0EI=
-1600,43,IhGX8qtpsn8uLog7DjQf68sG6FM=,h+6fBmMa7wOGXtZCc6ICH8bS0EI=
-1600,42,IhGX8qtpsn8uLog7DjQf68sG6FM=,h+6fBmMa7wOGXtZCc6ICH8bS0EI=
-1598,41,IhGX8qtpsn8uLog7DjQf68sG6FM=,h+6fBmMa7wOGXtZCc6ICH8bS0EI=
-1599,43,IhGX8qtpsn8uLog7DjQf68sG6FM=,h+6fBmMa7wOGXtZCc6ICH8bS0EI=
-1600,41,IhGX8qtpsn8uLog7DjQf68sG6FM=,h+6fBmMa7wOGXtZCc6ICH8bS0EI=
-1586,42,IhGX8qtpsn8uLog7DjQf68sG6FM=,h+6fBmMa7wOGXtZCc6ICH8bS0EI=
-1588,41,IhGX8qtpsn8uLog7DjQf68sG6FM=,h+6fBmMa7wOGXtZCc6ICH8bS0EI=
-1595,41,IhGX8qtpsn8uLog7DjQf68sG6FM=,h+6fBmMa7wOGXtZCc6ICH8bS0EI=
-1589,41,IhGX8qtpsn8uLog7DjQf68sG6FM=,h+6fBmMa7wOGXtZCc6ICH8bS0EI=
-1588,42,IhGX8qtpsn8uLog7DjQf68sG6FM=,h+6fBmMa7wOGXtZCc6ICH8bS0EI=
-1593,41,IhGX8qtpsn8uLog7DjQf68sG6FM=,h+6fBmMa7wOGXtZCc6ICH8bS0EI=
-1597,41,IhGX8qtpsn8uLog7DjQf68sG6FM=,h+6fBmMa7wOGXtZCc6ICH8bS0EI=
-1590,41,IhGX8qtpsn8uLog7DjQf68sG6FM=,h+6fBmMa7wOGXtZCc6ICH8bS0EI=
-1599,41,IhGX8qtpsn8uLog7DjQf68sG6FM=,h+6fBmMa7wOGXtZCc6ICH8bS0EI=
-1594,42,IhGX8qtpsn8uLog7DjQf68sG6FM=,h+6fBmMa7wOGXtZCc6ICH8bS0EI=
-1591,41,IhGX8qtpsn8uLog7DjQf68sG6FM=,h+6fBmMa7wOGXtZCc6ICH8bS0EI=
-1585,41,IhGX8qtpsn8uLog7DjQf68sG6FM=,h+6fBmMa7wOGXtZCc6ICH8bS0EI=
-1588,32,IhGX8qtpsn8uLog7DjQf68sG6FM=,h+6fBmMa7wOGXtZCc6ICH8bS0EI=
-1589,40,IhGX8qtpsn8uLog7DjQf68sG6FM=,h+6fBmMa7wOGXtZCc6ICH8bS0EI=
-1588,40,IhGX8qtpsn8uLog7DjQf68sG6FM=,h+6fBmMa7wOGXtZCc6ICH8bS0EI=
-1591,42,IhGX8qtpsn8uLog7DjQf68sG6FM=,h+6fBmMa7wOGXtZCc6ICH8bS0EI=
-1592,40,IhGX8qtpsn8uLog7DjQf68sG6FM=,h+6fBmMa7wOGXtZCc6ICH8bS0EI=
-1587,40,IhGX8qtpsn8uLog7DjQf68sG6FM=,h+6fBmMa7wOGXtZCc6ICH8bS0EI=
-1589,39,IhGX8qtpsn8uLog7DjQf68sG6FM=,h+6fBmMa7wOGXtZCc6ICH8bS0EI=
-1590,39,IhGX8qtpsn8uLog7DjQf68sG6FM=,h+6fBmMa7wOGXtZCc6ICH8bS0EI=
-1592,39,IhGX8qtpsn8uLog7DjQf68sG6FM=,h+6fBmMa7wOGXtZCc6ICH8bS0EI=
-1593,39,IhGX8qtpsn8uLog7DjQf68sG6FM=,h+6fBmMa7wOGXtZCc6ICH8bS0EI=
-1594,39,IhGX8qtpsn8uLog7DjQf68sG6FM=,h+6fBmMa7wOGXtZCc6ICH8bS0EI=
-1591,39,IhGX8qtpsn8uLog7DjQf68sG6FM=,h+6fBmMa7wOGXtZCc6ICH8bS0EI=
-1592,41,IhGX8qtpsn8uLog7DjQf68sG6FM=,h+6fBmMa7wOGXtZCc6ICH8bS0EI=
-1595,39,IhGX8qtpsn8uLog7DjQf68sG6FM=,h+6fBmMa7wOGXtZCc6ICH8bS0EI=
-1597,39,IhGX8qtpsn8uLog7DjQf68sG6FM=,h+6fBmMa7wOGXtZCc6ICH8bS0EI=
-1596,39,IhGX8qtpsn8uLog7DjQf68sG6FM=,h+6fBmMa7wOGXtZCc6ICH8bS0EI=
-1598,39,IhGX8qtpsn8uLog7DjQf68sG6FM=,h+6fBmMa7wOGXtZCc6ICH8bS0EI=
-1599,39,IhGX8qtpsn8uLog7DjQf68sG6FM=,h+6fBmMa7wOGXtZCc6ICH8bS0EI=
-1600,39,IhGX8qtpsn8uLog7DjQf68sG6FM=,h+6fBmMa7wOGXtZCc6ICH8bS0EI=
-1595,40,IhGX8qtpsn8uLog7DjQf68sG6FM=,h+6fBmMa7wOGXtZCc6ICH8bS0EI=
-1594,41,IhGX8qtpsn8uLog7DjQf68sG6FM=,h+6fBmMa7wOGXtZCc6ICH8bS0EI=
-1590,38,IhGX8qtpsn8uLog7DjQf68sG6FM=,h+6fBmMa7wOGXtZCc6ICH8bS0EI=
-1591,38,IhGX8qtpsn8uLog7DjQf68sG6FM=,h+6fBmMa7wOGXtZCc6ICH8bS0EI=
-1592,38,IhGX8qtpsn8uLog7DjQf68sG6FM=,h+6fBmMa7wOGXtZCc6ICH8bS0EI=
-1594,38,IhGX8qtpsn8uLog7DjQf68sG6FM=,h+6fBmMa7wOGXtZCc6ICH8bS0EI=
-1593,38,IhGX8qtpsn8uLog7DjQf68sG6FM=,h+6fBmMa7wOGXtZCc6ICH8bS0EI=
-1596,38,IhGX8qtpsn8uLog7DjQf68sG6FM=,h+6fBmMa7wOGXtZCc6ICH8bS0EI=
-1595,38,IhGX8qtpsn8uLog7DjQf68sG6FM=,h+6fBmMa7wOGXtZCc6ICH8bS0EI=
-1596,40,IhGX8qtpsn8uLog7DjQf68sG6FM=,h+6fBmMa7wOGXtZCc6ICH8bS0EI=
-1599,38,IhGX8qtpsn8uLog7DjQf68sG6FM=,h+6fBmMa7wOGXtZCc6ICH8bS0EI=
-1598,38,IhGX8qtpsn8uLog7DjQf68sG6FM=,h+6fBmMa7wOGXtZCc6ICH8bS0EI=
-1597,38,IhGX8qtpsn8uLog7DjQf68sG6FM=,h+6fBmMa7wOGXtZCc6ICH8bS0EI=
-1600,38,IhGX8qtpsn8uLog7DjQf68sG6FM=,h+6fBmMa7wOGXtZCc6ICH8bS0EI=
-1591,37,IhGX8qtpsn8uLog7DjQf68sG6FM=,h+6fBmMa7wOGXtZCc6ICH8bS0EI=
-1590,37,IhGX8qtpsn8uLog7DjQf68sG6FM=,h+6fBmMa7wOGXtZCc6ICH8bS0EI=
-1589,37,IhGX8qtpsn8uLog7DjQf68sG6FM=,h+6fBmMa7wOGXtZCc6ICH8bS0EI=
-1592,37,IhGX8qtpsn8uLog7DjQf68sG6FM=,h+6fBmMa7wOGXtZCc6ICH8bS0EI=
-1598,43,IhGX8qtpsn8uLog7DjQf68sG6FM=,h+6fBmMa7wOGXtZCc6ICH8bS0EI=
-1593,37,IhGX8qtpsn8uLog7DjQf68sG6FM=,h+6fBmMa7wOGXtZCc6ICH8bS0EI=
-1594,37,IhGX8qtpsn8uLog7DjQf68sG6FM=,h+6fBmMa7wOGXtZCc6ICH8bS0EI=
-1595,37,IhGX8qtpsn8uLog7DjQf68sG6FM=,h+6fBmMa7wOGXtZCc6ICH8bS0EI=
-1596,37,IhGX8qtpsn8uLog7DjQf68sG6FM=,h+6fBmMa7wOGXtZCc6ICH8bS0EI=
-1597,37,IhGX8qtpsn8uLog7DjQf68sG6FM=,h+6fBmMa7wOGXtZCc6ICH8bS0EI=
-1598,37,IhGX8qtpsn8uLog7DjQf68sG6FM=,h+6fBmMa7wOGXtZCc6ICH8bS0EI=
-1599,37,IhGX8qtpsn8uLog7DjQf68sG6FM=,h+6fBmMa7wOGXtZCc6ICH8bS0EI=
-1597,40,IhGX8qtpsn8uLog7DjQf68sG6FM=,h+6fBmMa7wOGXtZCc6ICH8bS0EI=
-1600,37,IhGX8qtpsn8uLog7DjQf68sG6FM=,h+6fBmMa7wOGXtZCc6ICH8bS0EI=
-1587,41,IhGX8qtpsn8uLog7DjQf68sG6FM=,h+6fBmMa7wOGXtZCc6ICH8bS0EI=
-1589,36,IhGX8qtpsn8uLog7DjQf68sG6FM=,h+6fBmMa7wOGXtZCc6ICH8bS0EI=
-1590,36,IhGX8qtpsn8uLog7DjQf68sG6FM=,h+6fBmMa7wOGXtZCc6ICH8bS0EI=
-1591,36,IhGX8qtpsn8uLog7DjQf68sG6FM=,h+6fBmMa7wOGXtZCc6ICH8bS0EI=
-1592,36,IhGX8qtpsn8uLog7DjQf68sG6FM=,h+6fBmMa7wOGXtZCc6ICH8bS0EI=
-1593,36,IhGX8qtpsn8uLog7DjQf68sG6FM=,h+6fBmMa7wOGXtZCc6ICH8bS0EI=
-1594,36,IhGX8qtpsn8uLog7DjQf68sG6FM=,h+6fBmMa7wOGXtZCc6ICH8bS0EI=
-1595,36,IhGX8qtpsn8uLog7DjQf68sG6FM=,h+6fBmMa7wOGXtZCc6ICH8bS0EI=
-1596,36,IhGX8qtpsn8uLog7DjQf68sG6FM=,h+6fBmMa7wOGXtZCc6ICH8bS0EI=
-1597,36,IhGX8qtpsn8uLog7DjQf68sG6FM=,h+6fBmMa7wOGXtZCc6ICH8bS0EI=
-1599,36,IhGX8qtpsn8uLog7DjQf68sG6FM=,h+6fBmMa7wOGXtZCc6ICH8bS0EI=
-1598,36,IhGX8qtpsn8uLog7DjQf68sG6FM=,h+6fBmMa7wOGXtZCc6ICH8bS0EI=
-1598,40,IhGX8qtpsn8uLog7DjQf68sG6FM=,h+6fBmMa7wOGXtZCc6ICH8bS0EI=
-1600,36,IhGX8qtpsn8uLog7DjQf68sG6FM=,h+6fBmMa7wOGXtZCc6ICH8bS0EI=
-1586,41,IhGX8qtpsn8uLog7DjQf68sG6FM=,h+6fBmMa7wOGXtZCc6ICH8bS0EI=
-1599,40,IhGX8qtpsn8uLog7DjQf68sG6FM=,h+6fBmMa7wOGXtZCc6ICH8bS0EI=
-1588,39,IhGX8qtpsn8uLog7DjQf68sG6FM=,h+6fBmMa7wOGXtZCc6ICH8bS0EI=
-1590,40,IhGX8qtpsn8uLog7DjQf68sG6FM=,h+6fBmMa7wOGXtZCc6ICH8bS0EI=
-1588,37,IhGX8qtpsn8uLog7DjQf68sG6FM=,h+6fBmMa7wOGXtZCc6ICH8bS0EI=
-1593,40,IhGX8qtpsn8uLog7DjQf68sG6FM=,h+6fBmMa7wOGXtZCc6ICH8bS0EI=
-1593,35,IhGX8qtpsn8uLog7DjQf68sG6FM=,h+6fBmMa7wOGXtZCc6ICH8bS0EI=
-1586,38,IhGX8qtpsn8uLog7DjQf68sG6FM=,h+6fBmMa7wOGXtZCc6ICH8bS0EI=
-1595,35,IhGX8qtpsn8uLog7DjQf68sG6FM=,h+6fBmMa7wOGXtZCc6ICH8bS0EI=
-1594,35,IhGX8qtpsn8uLog7DjQf68sG6FM=,h+6fBmMa7wOGXtZCc6ICH8bS0EI=
-1596,35,IhGX8qtpsn8uLog7DjQf68sG6FM=,h+6fBmMa7wOGXtZCc6ICH8bS0EI=
-1587,39,IhGX8qtpsn8uLog7DjQf68sG6FM=,h+6fBmMa7wOGXtZCc6ICH8bS0EI=
-1585,37,IhGX8qtpsn8uLog7DjQf68sG6FM=,h+6fBmMa7wOGXtZCc6ICH8bS0EI=
-1587,38,IhGX8qtpsn8uLog7DjQf68sG6FM=,h+6fBmMa7wOGXtZCc6ICH8bS0EI=
-1586,37,IhGX8qtpsn8uLog7DjQf68sG6FM=,h+6fBmMa7wOGXtZCc6ICH8bS0EI=
-1599,35,IhGX8qtpsn8uLog7DjQf68sG6FM=,h+6fBmMa7wOGXtZCc6ICH8bS0EI=
-1586,40,IhGX8qtpsn8uLog7DjQf68sG6FM=,h+6fBmMa7wOGXtZCc6ICH8bS0EI=
-1588,36,IhGX8qtpsn8uLog7DjQf68sG6FM=,h+6fBmMa7wOGXtZCc6ICH8bS0EI=
-1587,32,IhGX8qtpsn8uLog7DjQf68sG6FM=,h+6fBmMa7wOGXtZCc6ICH8bS0EI=
-1586,39,IhGX8qtpsn8uLog7DjQf68sG6FM=,h+6fBmMa7wOGXtZCc6ICH8bS0EI=
-1587,37,IhGX8qtpsn8uLog7DjQf68sG6FM=,h+6fBmMa7wOGXtZCc6ICH8bS0EI=
-1585,36,IhGX8qtpsn8uLog7DjQf68sG6FM=,h+6fBmMa7wOGXtZCc6ICH8bS0EI=
-1600,35,IhGX8qtpsn8uLog7DjQf68sG6FM=,h+6fBmMa7wOGXtZCc6ICH8bS0EI=
-1593,34,IhGX8qtpsn8uLog7DjQf68sG6FM=,h+6fBmMa7wOGXtZCc6ICH8bS0EI=
-1586,35,IhGX8qtpsn8uLog7DjQf68sG6FM=,h+6fBmMa7wOGXtZCc6ICH8bS0EI=
-1595,34,IhGX8qtpsn8uLog7DjQf68sG6FM=,h+6fBmMa7wOGXtZCc6ICH8bS0EI=
-1594,34,IhGX8qtpsn8uLog7DjQf68sG6FM=,h+6fBmMa7wOGXtZCc6ICH8bS0EI=
-1596,34,IhGX8qtpsn8uLog7DjQf68sG6FM=,h+6fBmMa7wOGXtZCc6ICH8bS0EI=
-1597,35,IhGX8qtpsn8uLog7DjQf68sG6FM=,h+6fBmMa7wOGXtZCc6ICH8bS0EI=
-1586,36,IhGX8qtpsn8uLog7DjQf68sG6FM=,h+6fBmMa7wOGXtZCc6ICH8bS0EI=
-1598,35,IhGX8qtpsn8uLog7DjQf68sG6FM=,h+6fBmMa7wOGXtZCc6ICH8bS0EI=
-1588,38,IhGX8qtpsn8uLog7DjQf68sG6FM=,h+6fBmMa7wOGXtZCc6ICH8bS0EI=
-1598,34,IhGX8qtpsn8uLog7DjQf68sG6FM=,h+6fBmMa7wOGXtZCc6ICH8bS0EI=
-1587,36,IhGX8qtpsn8uLog7DjQf68sG6FM=,h+6fBmMa7wOGXtZCc6ICH8bS0EI=
-1587,35,IhGX8qtpsn8uLog7DjQf68sG6FM=,h+6fBmMa7wOGXtZCc6ICH8bS0EI=
-1590,35,IhGX8qtpsn8uLog7DjQf68sG6FM=,h+6fBmMa7wOGXtZCc6ICH8bS0EI=
-1585,34,IhGX8qtpsn8uLog7DjQf68sG6FM=,h+6fBmMa7wOGXtZCc6ICH8bS0EI=
-1585,39,IhGX8qtpsn8uLog7DjQf68sG6FM=,h+6fBmMa7wOGXtZCc6ICH8bS0EI=
-1588,35,IhGX8qtpsn8uLog7DjQf68sG6FM=,h+6fBmMa7wOGXtZCc6ICH8bS0EI=
-1592,35,IhGX8qtpsn8uLog7DjQf68sG6FM=,h+6fBmMa7wOGXtZCc6ICH8bS0EI=
-1593,33,IhGX8qtpsn8uLog7DjQf68sG6FM=,h+6fBmMa7wOGXtZCc6ICH8bS0EI=
-1594,33,IhGX8qtpsn8uLog7DjQf68sG6FM=,h+6fBmMa7wOGXtZCc6ICH8bS0EI=
-1596,33,IhGX8qtpsn8uLog7DjQf68sG6FM=,h+6fBmMa7wOGXtZCc6ICH8bS0EI=
-1595,33,IhGX8qtpsn8uLog7DjQf68sG6FM=,h+6fBmMa7wOGXtZCc6ICH8bS0EI=
-1585,35,IhGX8qtpsn8uLog7DjQf68sG6FM=,h+6fBmMa7wOGXtZCc6ICH8bS0EI=
-1589,34,IhGX8qtpsn8uLog7DjQf68sG6FM=,h+6fBmMa7wOGXtZCc6ICH8bS0EI=
-1599,33,IhGX8qtpsn8uLog7DjQf68sG6FM=,h+6fBmMa7wOGXtZCc6ICH8bS0EI=
-1588,34,IhGX8qtpsn8uLog7DjQf68sG6FM=,h+6fBmMa7wOGXtZCc6ICH8bS0EI=
-1585,40,IhGX8qtpsn8uLog7DjQf68sG6FM=,h+6fBmMa7wOGXtZCc6ICH8bS0EI=
-1586,34,IhGX8qtpsn8uLog7DjQf68sG6FM=,h+6fBmMa7wOGXtZCc6ICH8bS0EI=
-1589,35,IhGX8qtpsn8uLog7DjQf68sG6FM=,h+6fBmMa7wOGXtZCc6ICH8bS0EI=
-1591,35,IhGX8qtpsn8uLog7DjQf68sG6FM=,h+6fBmMa7wOGXtZCc6ICH8bS0EI=
-1589,38,IhGX8qtpsn8uLog7DjQf68sG6FM=,h+6fBmMa7wOGXtZCc6ICH8bS0EI=
-1597,34,IhGX8qtpsn8uLog7DjQf68sG6FM=,h+6fBmMa7wOGXtZCc6ICH8bS0EI=
-1600,34,IhGX8qtpsn8uLog7DjQf68sG6FM=,h+6fBmMa7wOGXtZCc6ICH8bS0EI=
-1599,34,IhGX8qtpsn8uLog7DjQf68sG6FM=,h+6fBmMa7wOGXtZCc6ICH8bS0EI=
-1588,33,IhGX8qtpsn8uLog7DjQf68sG6FM=,h+6fBmMa7wOGXtZCc6ICH8bS0EI=
-1597,33,IhGX8qtpsn8uLog7DjQf68sG6FM=,h+6fBmMa7wOGXtZCc6ICH8bS0EI=
-1591,34,IhGX8qtpsn8uLog7DjQf68sG6FM=,h+6fBmMa7wOGXtZCc6ICH8bS0EI=
-1600,40,IhGX8qtpsn8uLog7DjQf68sG6FM=,h+6fBmMa7wOGXtZCc6ICH8bS0EI=
-1592,34,IhGX8qtpsn8uLog7DjQf68sG6FM=,h+6fBmMa7wOGXtZCc6ICH8bS0EI=
-1591,40,IhGX8qtpsn8uLog7DjQf68sG6FM=,h+6fBmMa7wOGXtZCc6ICH8bS0EI=
-1590,34,IhGX8qtpsn8uLog7DjQf68sG6FM=,h+6fBmMa7wOGXtZCc6ICH8bS0EI=
-1587,34,IhGX8qtpsn8uLog7DjQf68sG6FM=,h+6fBmMa7wOGXtZCc6ICH8bS0EI=
-1587,33,IhGX8qtpsn8uLog7DjQf68sG6FM=,h+6fBmMa7wOGXtZCc6ICH8bS0EI=
-1598,33,IhGX8qtpsn8uLog7DjQf68sG6FM=,h+6fBmMa7wOGXtZCc6ICH8bS0EI=
-1589,33,IhGX8qtpsn8uLog7DjQf68sG6FM=,h+6fBmMa7wOGXtZCc6ICH8bS0EI=
-1592,33,IhGX8qtpsn8uLog7DjQf68sG6FM=,h+6fBmMa7wOGXtZCc6ICH8bS0EI=
-1600,33,IhGX8qtpsn8uLog7DjQf68sG6FM=,h+6fBmMa7wOGXtZCc6ICH8bS0EI=
-1585,33,IhGX8qtpsn8uLog7DjQf68sG6FM=,h+6fBmMa7wOGXtZCc6ICH8bS0EI=
-1591,33,IhGX8qtpsn8uLog7DjQf68sG6FM=,h+6fBmMa7wOGXtZCc6ICH8bS0EI=
-1590,33,IhGX8qtpsn8uLog7DjQf68sG6FM=,h+6fBmMa7wOGXtZCc6ICH8bS0EI=
-1594,40,IhGX8qtpsn8uLog7DjQf68sG6FM=,h+6fBmMa7wOGXtZCc6ICH8bS0EI=
-1586,33,IhGX8qtpsn8uLog7DjQf68sG6FM=,h+6fBmMa7wOGXtZCc6ICH8bS0EI=
-1585,32,IhGX8qtpsn8uLog7DjQf68sG6FM=,h+6fBmMa7wOGXtZCc6ICH8bS0EI=
-1585,38,IhGX8qtpsn8uLog7DjQf68sG6FM=,h+6fBmMa7wOGXtZCc6ICH8bS0EI=
-1586,32,IhGX8qtpsn8uLog7DjQf68sG6FM=,h+6fBmMa7wOGXtZCc6ICH8bS0EI=
-1570,47,WNIqjGmHEGiopJKPyh0ph1z2JBU=,h+6fBmMa7wOGXtZCc6ICH8bS0EI=
-1574,47,WNIqjGmHEGiopJKPyh0ph1z2JBU=,h+6fBmMa7wOGXtZCc6ICH8bS0EI=
-1577,47,WNIqjGmHEGiopJKPyh0ph1z2JBU=,h+6fBmMa7wOGXtZCc6ICH8bS0EI=
-1579,47,WNIqjGmHEGiopJKPyh0ph1z2JBU=,h+6fBmMa7wOGXtZCc6ICH8bS0EI=
-1580,47,WNIqjGmHEGiopJKPyh0ph1z2JBU=,h+6fBmMa7wOGXtZCc6ICH8bS0EI=
-1578,47,WNIqjGmHEGiopJKPyh0ph1z2JBU=,h+6fBmMa7wOGXtZCc6ICH8bS0EI=
-1583,47,WNIqjGmHEGiopJKPyh0ph1z2JBU=,h+6fBmMa7wOGXtZCc6ICH8bS0EI=
-1575,47,WNIqjGmHEGiopJKPyh0ph1z2JBU=,h+6fBmMa7wOGXtZCc6ICH8bS0EI=
-1572,47,WNIqjGmHEGiopJKPyh0ph1z2JBU=,h+6fBmMa7wOGXtZCc6ICH8bS0EI=
-1582,47,WNIqjGmHEGiopJKPyh0ph1z2JBU=,h+6fBmMa7wOGXtZCc6ICH8bS0EI=
-1577,46,WNIqjGmHEGiopJKPyh0ph1z2JBU=,h+6fBmMa7wOGXtZCc6ICH8bS0EI=
-1578,46,WNIqjGmHEGiopJKPyh0ph1z2JBU=,h+6fBmMa7wOGXtZCc6ICH8bS0EI=
-1579,46,WNIqjGmHEGiopJKPyh0ph1z2JBU=,h+6fBmMa7wOGXtZCc6ICH8bS0EI=
-1581,47,WNIqjGmHEGiopJKPyh0ph1z2JBU=,h+6fBmMa7wOGXtZCc6ICH8bS0EI=
-1580,46,WNIqjGmHEGiopJKPyh0ph1z2JBU=,h+6fBmMa7wOGXtZCc6ICH8bS0EI=
-1583,46,WNIqjGmHEGiopJKPyh0ph1z2JBU=,h+6fBmMa7wOGXtZCc6ICH8bS0EI=
-1569,45,WNIqjGmHEGiopJKPyh0ph1z2JBU=,h+6fBmMa7wOGXtZCc6ICH8bS0EI=
-1582,46,WNIqjGmHEGiopJKPyh0ph1z2JBU=,h+6fBmMa7wOGXtZCc6ICH8bS0EI=
-1584,46,WNIqjGmHEGiopJKPyh0ph1z2JBU=,h+6fBmMa7wOGXtZCc6ICH8bS0EI=
-1575,46,WNIqjGmHEGiopJKPyh0ph1z2JBU=,h+6fBmMa7wOGXtZCc6ICH8bS0EI=
-1573,45,WNIqjGmHEGiopJKPyh0ph1z2JBU=,h+6fBmMa7wOGXtZCc6ICH8bS0EI=
-1581,46,WNIqjGmHEGiopJKPyh0ph1z2JBU=,h+6fBmMa7wOGXtZCc6ICH8bS0EI=
-1570,45,WNIqjGmHEGiopJKPyh0ph1z2JBU=,h+6fBmMa7wOGXtZCc6ICH8bS0EI=
-1569,46,WNIqjGmHEGiopJKPyh0ph1z2JBU=,h+6fBmMa7wOGXtZCc6ICH8bS0EI=
-1573,47,WNIqjGmHEGiopJKPyh0ph1z2JBU=,h+6fBmMa7wOGXtZCc6ICH8bS0EI=
-1578,45,WNIqjGmHEGiopJKPyh0ph1z2JBU=,h+6fBmMa7wOGXtZCc6ICH8bS0EI=
-1577,45,WNIqjGmHEGiopJKPyh0ph1z2JBU=,h+6fBmMa7wOGXtZCc6ICH8bS0EI=
-1579,45,WNIqjGmHEGiopJKPyh0ph1z2JBU=,h+6fBmMa7wOGXtZCc6ICH8bS0EI=
-1575,45,WNIqjGmHEGiopJKPyh0ph1z2JBU=,h+6fBmMa7wOGXtZCc6ICH8bS0EI=
-1580,45,WNIqjGmHEGiopJKPyh0ph1z2JBU=,h+6fBmMa7wOGXtZCc6ICH8bS0EI=
-1583,45,WNIqjGmHEGiopJKPyh0ph1z2JBU=,h+6fBmMa7wOGXtZCc6ICH8bS0EI=
-1582,45,WNIqjGmHEGiopJKPyh0ph1z2JBU=,h+6fBmMa7wOGXtZCc6ICH8bS0EI=
-1571,47,WNIqjGmHEGiopJKPyh0ph1z2JBU=,h+6fBmMa7wOGXtZCc6ICH8bS0EI=
-1571,46,WNIqjGmHEGiopJKPyh0ph1z2JBU=,h+6fBmMa7wOGXtZCc6ICH8bS0EI=
-1584,45,WNIqjGmHEGiopJKPyh0ph1z2JBU=,h+6fBmMa7wOGXtZCc6ICH8bS0EI=
-1569,44,WNIqjGmHEGiopJKPyh0ph1z2JBU=,h+6fBmMa7wOGXtZCc6ICH8bS0EI=
-1577,44,WNIqjGmHEGiopJKPyh0ph1z2JBU=,h+6fBmMa7wOGXtZCc6ICH8bS0EI=
-1576,46,WNIqjGmHEGiopJKPyh0ph1z2JBU=,h+6fBmMa7wOGXtZCc6ICH8bS0EI=
-1578,44,WNIqjGmHEGiopJKPyh0ph1z2JBU=,h+6fBmMa7wOGXtZCc6ICH8bS0EI=
-1576,47,WNIqjGmHEGiopJKPyh0ph1z2JBU=,h+6fBmMa7wOGXtZCc6ICH8bS0EI=
-1579,44,WNIqjGmHEGiopJKPyh0ph1z2JBU=,h+6fBmMa7wOGXtZCc6ICH8bS0EI=
-1580,44,WNIqjGmHEGiopJKPyh0ph1z2JBU=,h+6fBmMa7wOGXtZCc6ICH8bS0EI=
-1569,47,WNIqjGmHEGiopJKPyh0ph1z2JBU=,h+6fBmMa7wOGXtZCc6ICH8bS0EI=
-1573,44,WNIqjGmHEGiopJKPyh0ph1z2JBU=,h+6fBmMa7wOGXtZCc6ICH8bS0EI=
-1573,46,WNIqjGmHEGiopJKPyh0ph1z2JBU=,h+6fBmMa7wOGXtZCc6ICH8bS0EI=
-1570,44,WNIqjGmHEGiopJKPyh0ph1z2JBU=,h+6fBmMa7wOGXtZCc6ICH8bS0EI=
-1583,44,WNIqjGmHEGiopJKPyh0ph1z2JBU=,h+6fBmMa7wOGXtZCc6ICH8bS0EI=
-1572,46,WNIqjGmHEGiopJKPyh0ph1z2JBU=,h+6fBmMa7wOGXtZCc6ICH8bS0EI=
-1581,45,WNIqjGmHEGiopJKPyh0ph1z2JBU=,h+6fBmMa7wOGXtZCc6ICH8bS0EI=
-1582,44,WNIqjGmHEGiopJKPyh0ph1z2JBU=,h+6fBmMa7wOGXtZCc6ICH8bS0EI=
-1584,44,WNIqjGmHEGiopJKPyh0ph1z2JBU=,h+6fBmMa7wOGXtZCc6ICH8bS0EI=
-1569,43,WNIqjGmHEGiopJKPyh0ph1z2JBU=,h+6fBmMa7wOGXtZCc6ICH8bS0EI=
-1570,43,WNIqjGmHEGiopJKPyh0ph1z2JBU=,h+6fBmMa7wOGXtZCc6ICH8bS0EI=
-1584,47,WNIqjGmHEGiopJKPyh0ph1z2JBU=,h+6fBmMa7wOGXtZCc6ICH8bS0EI=
-1570,46,WNIqjGmHEGiopJKPyh0ph1z2JBU=,h+6fBmMa7wOGXtZCc6ICH8bS0EI=
-1572,45,WNIqjGmHEGiopJKPyh0ph1z2JBU=,h+6fBmMa7wOGXtZCc6ICH8bS0EI=
-1574,43,WNIqjGmHEGiopJKPyh0ph1z2JBU=,h+6fBmMa7wOGXtZCc6ICH8bS0EI=
-1581,32,WNIqjGmHEGiopJKPyh0ph1z2JBU=,h+6fBmMa7wOGXtZCc6ICH8bS0EI=
-1574,45,WNIqjGmHEGiopJKPyh0ph1z2JBU=,h+6fBmMa7wOGXtZCc6ICH8bS0EI=
-1574,46,WNIqjGmHEGiopJKPyh0ph1z2JBU=,h+6fBmMa7wOGXtZCc6ICH8bS0EI=
-1581,43,WNIqjGmHEGiopJKPyh0ph1z2JBU=,h+6fBmMa7wOGXtZCc6ICH8bS0EI=
-1577,43,WNIqjGmHEGiopJKPyh0ph1z2JBU=,h+6fBmMa7wOGXtZCc6ICH8bS0EI=
-1584,43,WNIqjGmHEGiopJKPyh0ph1z2JBU=,h+6fBmMa7wOGXtZCc6ICH8bS0EI=
-1571,45,WNIqjGmHEGiopJKPyh0ph1z2JBU=,h+6fBmMa7wOGXtZCc6ICH8bS0EI=
-1570,42,WNIqjGmHEGiopJKPyh0ph1z2JBU=,h+6fBmMa7wOGXtZCc6ICH8bS0EI=
-1571,43,WNIqjGmHEGiopJKPyh0ph1z2JBU=,h+6fBmMa7wOGXtZCc6ICH8bS0EI=
-1569,42,WNIqjGmHEGiopJKPyh0ph1z2JBU=,h+6fBmMa7wOGXtZCc6ICH8bS0EI=
-1576,43,WNIqjGmHEGiopJKPyh0ph1z2JBU=,h+6fBmMa7wOGXtZCc6ICH8bS0EI=
-1575,44,WNIqjGmHEGiopJKPyh0ph1z2JBU=,h+6fBmMa7wOGXtZCc6ICH8bS0EI=
-1571,44,WNIqjGmHEGiopJKPyh0ph1z2JBU=,h+6fBmMa7wOGXtZCc6ICH8bS0EI=
-1572,44,WNIqjGmHEGiopJKPyh0ph1z2JBU=,h+6fBmMa7wOGXtZCc6ICH8bS0EI=
-1583,43,WNIqjGmHEGiopJKPyh0ph1z2JBU=,h+6fBmMa7wOGXtZCc6ICH8bS0EI=
-1575,43,WNIqjGmHEGiopJKPyh0ph1z2JBU=,h+6fBmMa7wOGXtZCc6ICH8bS0EI=
-1577,42,WNIqjGmHEGiopJKPyh0ph1z2JBU=,h+6fBmMa7wOGXtZCc6ICH8bS0EI=
-1574,44,WNIqjGmHEGiopJKPyh0ph1z2JBU=,h+6fBmMa7wOGXtZCc6ICH8bS0EI=
-1572,43,WNIqjGmHEGiopJKPyh0ph1z2JBU=,h+6fBmMa7wOGXtZCc6ICH8bS0EI=
-1576,45,WNIqjGmHEGiopJKPyh0ph1z2JBU=,h+6fBmMa7wOGXtZCc6ICH8bS0EI=
-1573,43,WNIqjGmHEGiopJKPyh0ph1z2JBU=,h+6fBmMa7wOGXtZCc6ICH8bS0EI=
-1574,42,WNIqjGmHEGiopJKPyh0ph1z2JBU=,h+6fBmMa7wOGXtZCc6ICH8bS0EI=
-1578,43,WNIqjGmHEGiopJKPyh0ph1z2JBU=,h+6fBmMa7wOGXtZCc6ICH8bS0EI=
-1576,44,WNIqjGmHEGiopJKPyh0ph1z2JBU=,h+6fBmMa7wOGXtZCc6ICH8bS0EI=
-1582,42,WNIqjGmHEGiopJKPyh0ph1z2JBU=,h+6fBmMa7wOGXtZCc6ICH8bS0EI=
-1581,44,WNIqjGmHEGiopJKPyh0ph1z2JBU=,h+6fBmMa7wOGXtZCc6ICH8bS0EI=
-1584,32,WNIqjGmHEGiopJKPyh0ph1z2JBU=,h+6fBmMa7wOGXtZCc6ICH8bS0EI=
-1578,42,WNIqjGmHEGiopJKPyh0ph1z2JBU=,h+6fBmMa7wOGXtZCc6ICH8bS0EI=
-1572,42,WNIqjGmHEGiopJKPyh0ph1z2JBU=,h+6fBmMa7wOGXtZCc6ICH8bS0EI=
-1575,41,WNIqjGmHEGiopJKPyh0ph1z2JBU=,h+6fBmMa7wOGXtZCc6ICH8bS0EI=
-1576,42,WNIqjGmHEGiopJKPyh0ph1z2JBU=,h+6fBmMa7wOGXtZCc6ICH8bS0EI=
-1584,42,WNIqjGmHEGiopJKPyh0ph1z2JBU=,h+6fBmMa7wOGXtZCc6ICH8bS0EI=
-1575,42,WNIqjGmHEGiopJKPyh0ph1z2JBU=,h+6fBmMa7wOGXtZCc6ICH8bS0EI=
-1583,42,WNIqjGmHEGiopJKPyh0ph1z2JBU=,h+6fBmMa7wOGXtZCc6ICH8bS0EI=
-1573,42,WNIqjGmHEGiopJKPyh0ph1z2JBU=,h+6fBmMa7wOGXtZCc6ICH8bS0EI=
-1580,32,WNIqjGmHEGiopJKPyh0ph1z2JBU=,h+6fBmMa7wOGXtZCc6ICH8bS0EI=
-1569,41,WNIqjGmHEGiopJKPyh0ph1z2JBU=,h+6fBmMa7wOGXtZCc6ICH8bS0EI=
-1582,43,WNIqjGmHEGiopJKPyh0ph1z2JBU=,h+6fBmMa7wOGXtZCc6ICH8bS0EI=
-1571,42,WNIqjGmHEGiopJKPyh0ph1z2JBU=,h+6fBmMa7wOGXtZCc6ICH8bS0EI=
-1580,43,WNIqjGmHEGiopJKPyh0ph1z2JBU=,h+6fBmMa7wOGXtZCc6ICH8bS0EI=
-1570,41,WNIqjGmHEGiopJKPyh0ph1z2JBU=,h+6fBmMa7wOGXtZCc6ICH8bS0EI=
-1578,41,WNIqjGmHEGiopJKPyh0ph1z2JBU=,h+6fBmMa7wOGXtZCc6ICH8bS0EI=
-1581,41,WNIqjGmHEGiopJKPyh0ph1z2JBU=,h+6fBmMa7wOGXtZCc6ICH8bS0EI=
-1581,42,WNIqjGmHEGiopJKPyh0ph1z2JBU=,h+6fBmMa7wOGXtZCc6ICH8bS0EI=
-1577,41,WNIqjGmHEGiopJKPyh0ph1z2JBU=,h+6fBmMa7wOGXtZCc6ICH8bS0EI=
-1576,41,WNIqjGmHEGiopJKPyh0ph1z2JBU=,h+6fBmMa7wOGXtZCc6ICH8bS0EI=
-1574,41,WNIqjGmHEGiopJKPyh0ph1z2JBU=,h+6fBmMa7wOGXtZCc6ICH8bS0EI=
-1579,43,WNIqjGmHEGiopJKPyh0ph1z2JBU=,h+6fBmMa7wOGXtZCc6ICH8bS0EI=
-1580,41,WNIqjGmHEGiopJKPyh0ph1z2JBU=,h+6fBmMa7wOGXtZCc6ICH8bS0EI=
-1582,41,WNIqjGmHEGiopJKPyh0ph1z2JBU=,h+6fBmMa7wOGXtZCc6ICH8bS0EI=
-1574,40,WNIqjGmHEGiopJKPyh0ph1z2JBU=,h+6fBmMa7wOGXtZCc6ICH8bS0EI=
-1573,41,WNIqjGmHEGiopJKPyh0ph1z2JBU=,h+6fBmMa7wOGXtZCc6ICH8bS0EI=
-1570,40,WNIqjGmHEGiopJKPyh0ph1z2JBU=,h+6fBmMa7wOGXtZCc6ICH8bS0EI=
-1576,40,WNIqjGmHEGiopJKPyh0ph1z2JBU=,h+6fBmMa7wOGXtZCc6ICH8bS0EI=
-1579,42,WNIqjGmHEGiopJKPyh0ph1z2JBU=,h+6fBmMa7wOGXtZCc6ICH8bS0EI=
-1570,39,WNIqjGmHEGiopJKPyh0ph1z2JBU=,h+6fBmMa7wOGXtZCc6ICH8bS0EI=
-1583,32,WNIqjGmHEGiopJKPyh0ph1z2JBU=,h+6fBmMa7wOGXtZCc6ICH8bS0EI=
-1577,40,WNIqjGmHEGiopJKPyh0ph1z2JBU=,h+6fBmMa7wOGXtZCc6ICH8bS0EI=
-1575,40,WNIqjGmHEGiopJKPyh0ph1z2JBU=,h+6fBmMa7wOGXtZCc6ICH8bS0EI=
-1572,41,WNIqjGmHEGiopJKPyh0ph1z2JBU=,h+6fBmMa7wOGXtZCc6ICH8bS0EI=
-1569,40,WNIqjGmHEGiopJKPyh0ph1z2JBU=,h+6fBmMa7wOGXtZCc6ICH8bS0EI=
-1573,40,WNIqjGmHEGiopJKPyh0ph1z2JBU=,h+6fBmMa7wOGXtZCc6ICH8bS0EI=
-1573,39,WNIqjGmHEGiopJKPyh0ph1z2JBU=,h+6fBmMa7wOGXtZCc6ICH8bS0EI=
-1582,32,WNIqjGmHEGiopJKPyh0ph1z2JBU=,h+6fBmMa7wOGXtZCc6ICH8bS0EI=
-1579,41,WNIqjGmHEGiopJKPyh0ph1z2JBU=,h+6fBmMa7wOGXtZCc6ICH8bS0EI=
-1575,39,WNIqjGmHEGiopJKPyh0ph1z2JBU=,h+6fBmMa7wOGXtZCc6ICH8bS0EI=
-1577,39,WNIqjGmHEGiopJKPyh0ph1z2JBU=,h+6fBmMa7wOGXtZCc6ICH8bS0EI=
-1571,41,WNIqjGmHEGiopJKPyh0ph1z2JBU=,h+6fBmMa7wOGXtZCc6ICH8bS0EI=
-1580,42,WNIqjGmHEGiopJKPyh0ph1z2JBU=,h+6fBmMa7wOGXtZCc6ICH8bS0EI=
-1569,39,WNIqjGmHEGiopJKPyh0ph1z2JBU=,h+6fBmMa7wOGXtZCc6ICH8bS0EI=
-1583,41,WNIqjGmHEGiopJKPyh0ph1z2JBU=,h+6fBmMa7wOGXtZCc6ICH8bS0EI=
-1578,40,WNIqjGmHEGiopJKPyh0ph1z2JBU=,h+6fBmMa7wOGXtZCc6ICH8bS0EI=
-1576,39,WNIqjGmHEGiopJKPyh0ph1z2JBU=,h+6fBmMa7wOGXtZCc6ICH8bS0EI=
-1579,32,WNIqjGmHEGiopJKPyh0ph1z2JBU=,h+6fBmMa7wOGXtZCc6ICH8bS0EI=
-1571,40,WNIqjGmHEGiopJKPyh0ph1z2JBU=,h+6fBmMa7wOGXtZCc6ICH8bS0EI=
-1573,38,WNIqjGmHEGiopJKPyh0ph1z2JBU=,h+6fBmMa7wOGXtZCc6ICH8bS0EI=
-1569,38,WNIqjGmHEGiopJKPyh0ph1z2JBU=,h+6fBmMa7wOGXtZCc6ICH8bS0EI=
-1582,40,WNIqjGmHEGiopJKPyh0ph1z2JBU=,h+6fBmMa7wOGXtZCc6ICH8bS0EI=
-1574,39,WNIqjGmHEGiopJKPyh0ph1z2JBU=,h+6fBmMa7wOGXtZCc6ICH8bS0EI=
-1584,40,WNIqjGmHEGiopJKPyh0ph1z2JBU=,h+6fBmMa7wOGXtZCc6ICH8bS0EI=
-1583,40,WNIqjGmHEGiopJKPyh0ph1z2JBU=,h+6fBmMa7wOGXtZCc6ICH8bS0EI=
-1570,38,WNIqjGmHEGiopJKPyh0ph1z2JBU=,h+6fBmMa7wOGXtZCc6ICH8bS0EI=
-1579,40,WNIqjGmHEGiopJKPyh0ph1z2JBU=,h+6fBmMa7wOGXtZCc6ICH8bS0EI=
-1572,39,WNIqjGmHEGiopJKPyh0ph1z2JBU=,h+6fBmMa7wOGXtZCc6ICH8bS0EI=
-1572,37,WNIqjGmHEGiopJKPyh0ph1z2JBU=,h+6fBmMa7wOGXtZCc6ICH8bS0EI=
-1575,38,WNIqjGmHEGiopJKPyh0ph1z2JBU=,h+6fBmMa7wOGXtZCc6ICH8bS0EI=
-1574,38,WNIqjGmHEGiopJKPyh0ph1z2JBU=,h+6fBmMa7wOGXtZCc6ICH8bS0EI=
-1576,38,WNIqjGmHEGiopJKPyh0ph1z2JBU=,h+6fBmMa7wOGXtZCc6ICH8bS0EI=
-1572,38,WNIqjGmHEGiopJKPyh0ph1z2JBU=,h+6fBmMa7wOGXtZCc6ICH8bS0EI=
-1569,37,WNIqjGmHEGiopJKPyh0ph1z2JBU=,h+6fBmMa7wOGXtZCc6ICH8bS0EI=
-1578,39,WNIqjGmHEGiopJKPyh0ph1z2JBU=,h+6fBmMa7wOGXtZCc6ICH8bS0EI=
-1571,37,WNIqjGmHEGiopJKPyh0ph1z2JBU=,h+6fBmMa7wOGXtZCc6ICH8bS0EI=
-1575,37,WNIqjGmHEGiopJKPyh0ph1z2JBU=,h+6fBmMa7wOGXtZCc6ICH8bS0EI=
-1573,37,WNIqjGmHEGiopJKPyh0ph1z2JBU=,h+6fBmMa7wOGXtZCc6ICH8bS0EI=
-1574,37,WNIqjGmHEGiopJKPyh0ph1z2JBU=,h+6fBmMa7wOGXtZCc6ICH8bS0EI=
-1577,38,WNIqjGmHEGiopJKPyh0ph1z2JBU=,h+6fBmMa7wOGXtZCc6ICH8bS0EI=
-1584,39,WNIqjGmHEGiopJKPyh0ph1z2JBU=,h+6fBmMa7wOGXtZCc6ICH8bS0EI=
-1570,36,WNIqjGmHEGiopJKPyh0ph1z2JBU=,h+6fBmMa7wOGXtZCc6ICH8bS0EI=
-1570,37,WNIqjGmHEGiopJKPyh0ph1z2JBU=,h+6fBmMa7wOGXtZCc6ICH8bS0EI=
-1571,36,WNIqjGmHEGiopJKPyh0ph1z2JBU=,h+6fBmMa7wOGXtZCc6ICH8bS0EI=
-1583,39,WNIqjGmHEGiopJKPyh0ph1z2JBU=,h+6fBmMa7wOGXtZCc6ICH8bS0EI=
-1579,39,WNIqjGmHEGiopJKPyh0ph1z2JBU=,h+6fBmMa7wOGXtZCc6ICH8bS0EI=
-1569,36,WNIqjGmHEGiopJKPyh0ph1z2JBU=,h+6fBmMa7wOGXtZCc6ICH8bS0EI=
-1578,32,WNIqjGmHEGiopJKPyh0ph1z2JBU=,h+6fBmMa7wOGXtZCc6ICH8bS0EI=
-1577,32,WNIqjGmHEGiopJKPyh0ph1z2JBU=,h+6fBmMa7wOGXtZCc6ICH8bS0EI=
-1572,36,WNIqjGmHEGiopJKPyh0ph1z2JBU=,h+6fBmMa7wOGXtZCc6ICH8bS0EI=
-1572,40,WNIqjGmHEGiopJKPyh0ph1z2JBU=,h+6fBmMa7wOGXtZCc6ICH8bS0EI=
-1581,38,WNIqjGmHEGiopJKPyh0ph1z2JBU=,h+6fBmMa7wOGXtZCc6ICH8bS0EI=
-1580,39,WNIqjGmHEGiopJKPyh0ph1z2JBU=,h+6fBmMa7wOGXtZCc6ICH8bS0EI=
-1576,37,WNIqjGmHEGiopJKPyh0ph1z2JBU=,h+6fBmMa7wOGXtZCc6ICH8bS0EI=
-1580,38,WNIqjGmHEGiopJKPyh0ph1z2JBU=,h+6fBmMa7wOGXtZCc6ICH8bS0EI=
-1581,39,WNIqjGmHEGiopJKPyh0ph1z2JBU=,h+6fBmMa7wOGXtZCc6ICH8bS0EI=
-1582,39,WNIqjGmHEGiopJKPyh0ph1z2JBU=,h+6fBmMa7wOGXtZCc6ICH8bS0EI=
-1573,36,WNIqjGmHEGiopJKPyh0ph1z2JBU=,h+6fBmMa7wOGXtZCc6ICH8bS0EI=
-1580,37,WNIqjGmHEGiopJKPyh0ph1z2JBU=,h+6fBmMa7wOGXtZCc6ICH8bS0EI=
-1571,39,WNIqjGmHEGiopJKPyh0ph1z2JBU=,h+6fBmMa7wOGXtZCc6ICH8bS0EI=
-1576,32,WNIqjGmHEGiopJKPyh0ph1z2JBU=,h+6fBmMa7wOGXtZCc6ICH8bS0EI=
-1574,36,WNIqjGmHEGiopJKPyh0ph1z2JBU=,h+6fBmMa7wOGXtZCc6ICH8bS0EI=
-1579,37,WNIqjGmHEGiopJKPyh0ph1z2JBU=,h+6fBmMa7wOGXtZCc6ICH8bS0EI=
-1575,36,WNIqjGmHEGiopJKPyh0ph1z2JBU=,h+6fBmMa7wOGXtZCc6ICH8bS0EI=
-1581,37,WNIqjGmHEGiopJKPyh0ph1z2JBU=,h+6fBmMa7wOGXtZCc6ICH8bS0EI=
-1582,38,WNIqjGmHEGiopJKPyh0ph1z2JBU=,h+6fBmMa7wOGXtZCc6ICH8bS0EI=
-1584,37,WNIqjGmHEGiopJKPyh0ph1z2JBU=,h+6fBmMa7wOGXtZCc6ICH8bS0EI=
-1578,38,WNIqjGmHEGiopJKPyh0ph1z2JBU=,h+6fBmMa7wOGXtZCc6ICH8bS0EI=
-1572,35,WNIqjGmHEGiopJKPyh0ph1z2JBU=,h+6fBmMa7wOGXtZCc6ICH8bS0EI=
-1575,32,WNIqjGmHEGiopJKPyh0ph1z2JBU=,h+6fBmMa7wOGXtZCc6ICH8bS0EI=
-1570,35,WNIqjGmHEGiopJKPyh0ph1z2JBU=,h+6fBmMa7wOGXtZCc6ICH8bS0EI=
-1583,36,WNIqjGmHEGiopJKPyh0ph1z2JBU=,h+6fBmMa7wOGXtZCc6ICH8bS0EI=
-1573,35,WNIqjGmHEGiopJKPyh0ph1z2JBU=,h+6fBmMa7wOGXtZCc6ICH8bS0EI=
-1574,32,WNIqjGmHEGiopJKPyh0ph1z2JBU=,h+6fBmMa7wOGXtZCc6ICH8bS0EI=
-1579,38,WNIqjGmHEGiopJKPyh0ph1z2JBU=,h+6fBmMa7wOGXtZCc6ICH8bS0EI=
-1584,41,WNIqjGmHEGiopJKPyh0ph1z2JBU=,h+6fBmMa7wOGXtZCc6ICH8bS0EI=
-1570,34,WNIqjGmHEGiopJKPyh0ph1z2JBU=,h+6fBmMa7wOGXtZCc6ICH8bS0EI=
-1583,37,WNIqjGmHEGiopJKPyh0ph1z2JBU=,h+6fBmMa7wOGXtZCc6ICH8bS0EI=
-1582,37,WNIqjGmHEGiopJKPyh0ph1z2JBU=,h+6fBmMa7wOGXtZCc6ICH8bS0EI=
-1574,35,WNIqjGmHEGiopJKPyh0ph1z2JBU=,h+6fBmMa7wOGXtZCc6ICH8bS0EI=
-1569,35,WNIqjGmHEGiopJKPyh0ph1z2JBU=,h+6fBmMa7wOGXtZCc6ICH8bS0EI=
-1581,35,WNIqjGmHEGiopJKPyh0ph1z2JBU=,h+6fBmMa7wOGXtZCc6ICH8bS0EI=
-1571,38,WNIqjGmHEGiopJKPyh0ph1z2JBU=,h+6fBmMa7wOGXtZCc6ICH8bS0EI=
-1581,40,WNIqjGmHEGiopJKPyh0ph1z2JBU=,h+6fBmMa7wOGXtZCc6ICH8bS0EI=
-1572,34,WNIqjGmHEGiopJKPyh0ph1z2JBU=,h+6fBmMa7wOGXtZCc6ICH8bS0EI=
-1573,34,WNIqjGmHEGiopJKPyh0ph1z2JBU=,h+6fBmMa7wOGXtZCc6ICH8bS0EI=
-1579,36,WNIqjGmHEGiopJKPyh0ph1z2JBU=,h+6fBmMa7wOGXtZCc6ICH8bS0EI=
-1578,37,WNIqjGmHEGiopJKPyh0ph1z2JBU=,h+6fBmMa7wOGXtZCc6ICH8bS0EI=
-1577,37,WNIqjGmHEGiopJKPyh0ph1z2JBU=,h+6fBmMa7wOGXtZCc6ICH8bS0EI=
-1577,36,WNIqjGmHEGiopJKPyh0ph1z2JBU=,h+6fBmMa7wOGXtZCc6ICH8bS0EI=
-1571,34,WNIqjGmHEGiopJKPyh0ph1z2JBU=,h+6fBmMa7wOGXtZCc6ICH8bS0EI=
-1580,36,WNIqjGmHEGiopJKPyh0ph1z2JBU=,h+6fBmMa7wOGXtZCc6ICH8bS0EI=
-1584,36,WNIqjGmHEGiopJKPyh0ph1z2JBU=,h+6fBmMa7wOGXtZCc6ICH8bS0EI=
-1569,34,WNIqjGmHEGiopJKPyh0ph1z2JBU=,h+6fBmMa7wOGXtZCc6ICH8bS0EI=
-1579,35,WNIqjGmHEGiopJKPyh0ph1z2JBU=,h+6fBmMa7wOGXtZCc6ICH8bS0EI=
-1581,36,WNIqjGmHEGiopJKPyh0ph1z2JBU=,h+6fBmMa7wOGXtZCc6ICH8bS0EI=
-1578,35,WNIqjGmHEGiopJKPyh0ph1z2JBU=,h+6fBmMa7wOGXtZCc6ICH8bS0EI=
-1582,35,WNIqjGmHEGiopJKPyh0ph1z2JBU=,h+6fBmMa7wOGXtZCc6ICH8bS0EI=
-1575,35,WNIqjGmHEGiopJKPyh0ph1z2JBU=,h+6fBmMa7wOGXtZCc6ICH8bS0EI=
-1580,35,WNIqjGmHEGiopJKPyh0ph1z2JBU=,h+6fBmMa7wOGXtZCc6ICH8bS0EI=
-1571,33,WNIqjGmHEGiopJKPyh0ph1z2JBU=,h+6fBmMa7wOGXtZCc6ICH8bS0EI=
-1574,34,WNIqjGmHEGiopJKPyh0ph1z2JBU=,h+6fBmMa7wOGXtZCc6ICH8bS0EI=
-1570,33,WNIqjGmHEGiopJKPyh0ph1z2JBU=,h+6fBmMa7wOGXtZCc6ICH8bS0EI=
-1572,33,WNIqjGmHEGiopJKPyh0ph1z2JBU=,h+6fBmMa7wOGXtZCc6ICH8bS0EI=
-1576,33,WNIqjGmHEGiopJKPyh0ph1z2JBU=,h+6fBmMa7wOGXtZCc6ICH8bS0EI=
-1584,38,WNIqjGmHEGiopJKPyh0ph1z2JBU=,h+6fBmMa7wOGXtZCc6ICH8bS0EI=
-1584,34,WNIqjGmHEGiopJKPyh0ph1z2JBU=,h+6fBmMa7wOGXtZCc6ICH8bS0EI=
-1569,32,WNIqjGmHEGiopJKPyh0ph1z2JBU=,h+6fBmMa7wOGXtZCc6ICH8bS0EI=
-1570,32,WNIqjGmHEGiopJKPyh0ph1z2JBU=,h+6fBmMa7wOGXtZCc6ICH8bS0EI=
-1583,35,WNIqjGmHEGiopJKPyh0ph1z2JBU=,h+6fBmMa7wOGXtZCc6ICH8bS0EI=
-1576,34,WNIqjGmHEGiopJKPyh0ph1z2JBU=,h+6fBmMa7wOGXtZCc6ICH8bS0EI=
-1577,35,WNIqjGmHEGiopJKPyh0ph1z2JBU=,h+6fBmMa7wOGXtZCc6ICH8bS0EI=
-1571,35,WNIqjGmHEGiopJKPyh0ph1z2JBU=,h+6fBmMa7wOGXtZCc6ICH8bS0EI=
-1577,33,WNIqjGmHEGiopJKPyh0ph1z2JBU=,h+6fBmMa7wOGXtZCc6ICH8bS0EI=
-1580,33,WNIqjGmHEGiopJKPyh0ph1z2JBU=,h+6fBmMa7wOGXtZCc6ICH8bS0EI=
-1574,33,WNIqjGmHEGiopJKPyh0ph1z2JBU=,h+6fBmMa7wOGXtZCc6ICH8bS0EI=
-1569,33,WNIqjGmHEGiopJKPyh0ph1z2JBU=,h+6fBmMa7wOGXtZCc6ICH8bS0EI=
-1571,32,WNIqjGmHEGiopJKPyh0ph1z2JBU=,h+6fBmMa7wOGXtZCc6ICH8bS0EI=
-1576,35,WNIqjGmHEGiopJKPyh0ph1z2JBU=,h+6fBmMa7wOGXtZCc6ICH8bS0EI=
-1583,38,WNIqjGmHEGiopJKPyh0ph1z2JBU=,h+6fBmMa7wOGXtZCc6ICH8bS0EI=
-1578,34,WNIqjGmHEGiopJKPyh0ph1z2JBU=,h+6fBmMa7wOGXtZCc6ICH8bS0EI=
-1575,33,WNIqjGmHEGiopJKPyh0ph1z2JBU=,h+6fBmMa7wOGXtZCc6ICH8bS0EI=
-1583,33,WNIqjGmHEGiopJKPyh0ph1z2JBU=,h+6fBmMa7wOGXtZCc6ICH8bS0EI=
-1580,40,WNIqjGmHEGiopJKPyh0ph1z2JBU=,h+6fBmMa7wOGXtZCc6ICH8bS0EI=
-1584,33,WNIqjGmHEGiopJKPyh0ph1z2JBU=,h+6fBmMa7wOGXtZCc6ICH8bS0EI=
-1577,34,WNIqjGmHEGiopJKPyh0ph1z2JBU=,h+6fBmMa7wOGXtZCc6ICH8bS0EI=
-1582,34,WNIqjGmHEGiopJKPyh0ph1z2JBU=,h+6fBmMa7wOGXtZCc6ICH8bS0EI=
-1583,34,WNIqjGmHEGiopJKPyh0ph1z2JBU=,h+6fBmMa7wOGXtZCc6ICH8bS0EI=
-1573,32,WNIqjGmHEGiopJKPyh0ph1z2JBU=,h+6fBmMa7wOGXtZCc6ICH8bS0EI=
-1578,36,WNIqjGmHEGiopJKPyh0ph1z2JBU=,h+6fBmMa7wOGXtZCc6ICH8bS0EI=
-1581,34,WNIqjGmHEGiopJKPyh0ph1z2JBU=,h+6fBmMa7wOGXtZCc6ICH8bS0EI=
-1580,34,WNIqjGmHEGiopJKPyh0ph1z2JBU=,h+6fBmMa7wOGXtZCc6ICH8bS0EI=
-1573,33,WNIqjGmHEGiopJKPyh0ph1z2JBU=,h+6fBmMa7wOGXtZCc6ICH8bS0EI=
-1575,34,WNIqjGmHEGiopJKPyh0ph1z2JBU=,h+6fBmMa7wOGXtZCc6ICH8bS0EI=
-1579,34,WNIqjGmHEGiopJKPyh0ph1z2JBU=,h+6fBmMa7wOGXtZCc6ICH8bS0EI=
-1581,33,WNIqjGmHEGiopJKPyh0ph1z2JBU=,h+6fBmMa7wOGXtZCc6ICH8bS0EI=
-1572,32,WNIqjGmHEGiopJKPyh0ph1z2JBU=,h+6fBmMa7wOGXtZCc6ICH8bS0EI=
-1582,36,WNIqjGmHEGiopJKPyh0ph1z2JBU=,h+6fBmMa7wOGXtZCc6ICH8bS0EI=
-1579,33,WNIqjGmHEGiopJKPyh0ph1z2JBU=,h+6fBmMa7wOGXtZCc6ICH8bS0EI=
-1578,33,WNIqjGmHEGiopJKPyh0ph1z2JBU=,h+6fBmMa7wOGXtZCc6ICH8bS0EI=
-1576,36,WNIqjGmHEGiopJKPyh0ph1z2JBU=,h+6fBmMa7wOGXtZCc6ICH8bS0EI=
-1582,33,WNIqjGmHEGiopJKPyh0ph1z2JBU=,h+6fBmMa7wOGXtZCc6ICH8bS0EI=
-1584,35,WNIqjGmHEGiopJKPyh0ph1z2JBU=,h+6fBmMa7wOGXtZCc6ICH8bS0EI=
-1585,63,0W6GAsN5yAyVIoKK2w1bnmK7cFM=,h+6fBmMa7wOGXtZCc6ICH8bS0EI=
-1599,48,0W6GAsN5yAyVIoKK2w1bnmK7cFM=,h+6fBmMa7wOGXtZCc6ICH8bS0EI=
-1589,63,0W6GAsN5yAyVIoKK2w1bnmK7cFM=,h+6fBmMa7wOGXtZCc6ICH8bS0EI=
-1587,63,0W6GAsN5yAyVIoKK2w1bnmK7cFM=,h+6fBmMa7wOGXtZCc6ICH8bS0EI=
-1597,63,0W6GAsN5yAyVIoKK2w1bnmK7cFM=,h+6fBmMa7wOGXtZCc6ICH8bS0EI=
-1599,63,0W6GAsN5yAyVIoKK2w1bnmK7cFM=,h+6fBmMa7wOGXtZCc6ICH8bS0EI=
-1598,63,0W6GAsN5yAyVIoKK2w1bnmK7cFM=,h+6fBmMa7wOGXtZCc6ICH8bS0EI=
-1586,63,0W6GAsN5yAyVIoKK2w1bnmK7cFM=,h+6fBmMa7wOGXtZCc6ICH8bS0EI=
-1600,63,0W6GAsN5yAyVIoKK2w1bnmK7cFM=,h+6fBmMa7wOGXtZCc6ICH8bS0EI=
-1585,62,0W6GAsN5yAyVIoKK2w1bnmK7cFM=,h+6fBmMa7wOGXtZCc6ICH8bS0EI=
-1588,63,0W6GAsN5yAyVIoKK2w1bnmK7cFM=,h+6fBmMa7wOGXtZCc6ICH8bS0EI=
-1598,48,0W6GAsN5yAyVIoKK2w1bnmK7cFM=,h+6fBmMa7wOGXtZCc6ICH8bS0EI=
-1597,48,0W6GAsN5yAyVIoKK2w1bnmK7cFM=,h+6fBmMa7wOGXtZCc6ICH8bS0EI=
-1600,48,0W6GAsN5yAyVIoKK2w1bnmK7cFM=,h+6fBmMa7wOGXtZCc6ICH8bS0EI=
-1586,62,0W6GAsN5yAyVIoKK2w1bnmK7cFM=,h+6fBmMa7wOGXtZCc6ICH8bS0EI=
-1597,62,0W6GAsN5yAyVIoKK2w1bnmK7cFM=,h+6fBmMa7wOGXtZCc6ICH8bS0EI=
-1594,63,0W6GAsN5yAyVIoKK2w1bnmK7cFM=,h+6fBmMa7wOGXtZCc6ICH8bS0EI=
-1599,62,0W6GAsN5yAyVIoKK2w1bnmK7cFM=,h+6fBmMa7wOGXtZCc6ICH8bS0EI=
-1587,62,0W6GAsN5yAyVIoKK2w1bnmK7cFM=,h+6fBmMa7wOGXtZCc6ICH8bS0EI=
-1598,62,0W6GAsN5yAyVIoKK2w1bnmK7cFM=,h+6fBmMa7wOGXtZCc6ICH8bS0EI=
-1593,63,0W6GAsN5yAyVIoKK2w1bnmK7cFM=,h+6fBmMa7wOGXtZCc6ICH8bS0EI=
-1589,62,0W6GAsN5yAyVIoKK2w1bnmK7cFM=,h+6fBmMa7wOGXtZCc6ICH8bS0EI=
-1600,62,0W6GAsN5yAyVIoKK2w1bnmK7cFM=,h+6fBmMa7wOGXtZCc6ICH8bS0EI=
-1588,62,0W6GAsN5yAyVIoKK2w1bnmK7cFM=,h+6fBmMa7wOGXtZCc6ICH8bS0EI=
-1595,48,0W6GAsN5yAyVIoKK2w1bnmK7cFM=,h+6fBmMa7wOGXtZCc6ICH8bS0EI=
-1596,63,0W6GAsN5yAyVIoKK2w1bnmK7cFM=,h+6fBmMa7wOGXtZCc6ICH8bS0EI=
-1591,63,0W6GAsN5yAyVIoKK2w1bnmK7cFM=,h+6fBmMa7wOGXtZCc6ICH8bS0EI=
-1596,48,0W6GAsN5yAyVIoKK2w1bnmK7cFM=,h+6fBmMa7wOGXtZCc6ICH8bS0EI=
-1592,63,0W6GAsN5yAyVIoKK2w1bnmK7cFM=,h+6fBmMa7wOGXtZCc6ICH8bS0EI=
-1595,63,0W6GAsN5yAyVIoKK2w1bnmK7cFM=,h+6fBmMa7wOGXtZCc6ICH8bS0EI=
-1587,61,0W6GAsN5yAyVIoKK2w1bnmK7cFM=,h+6fBmMa7wOGXtZCc6ICH8bS0EI=
-1598,61,0W6GAsN5yAyVIoKK2w1bnmK7cFM=,h+6fBmMa7wOGXtZCc6ICH8bS0EI=
-1588,61,0W6GAsN5yAyVIoKK2w1bnmK7cFM=,h+6fBmMa7wOGXtZCc6ICH8bS0EI=
-1597,61,0W6GAsN5yAyVIoKK2w1bnmK7cFM=,h+6fBmMa7wOGXtZCc6ICH8bS0EI=
-1599,61,0W6GAsN5yAyVIoKK2w1bnmK7cFM=,h+6fBmMa7wOGXtZCc6ICH8bS0EI=
-1585,61,0W6GAsN5yAyVIoKK2w1bnmK7cFM=,h+6fBmMa7wOGXtZCc6ICH8bS0EI=
-1600,61,0W6GAsN5yAyVIoKK2w1bnmK7cFM=,h+6fBmMa7wOGXtZCc6ICH8bS0EI=
-1589,61,0W6GAsN5yAyVIoKK2w1bnmK7cFM=,h+6fBmMa7wOGXtZCc6ICH8bS0EI=
-1591,62,0W6GAsN5yAyVIoKK2w1bnmK7cFM=,h+6fBmMa7wOGXtZCc6ICH8bS0EI=
-1594,62,0W6GAsN5yAyVIoKK2w1bnmK7cFM=,h+6fBmMa7wOGXtZCc6ICH8bS0EI=
-1596,62,0W6GAsN5yAyVIoKK2w1bnmK7cFM=,h+6fBmMa7wOGXtZCc6ICH8bS0EI=
-1586,61,0W6GAsN5yAyVIoKK2w1bnmK7cFM=,h+6fBmMa7wOGXtZCc6ICH8bS0EI=
-1587,60,0W6GAsN5yAyVIoKK2w1bnmK7cFM=,h+6fBmMa7wOGXtZCc6ICH8bS0EI=
-1590,63,0W6GAsN5yAyVIoKK2w1bnmK7cFM=,h+6fBmMa7wOGXtZCc6ICH8bS0EI=
-1592,60,0W6GAsN5yAyVIoKK2w1bnmK7cFM=,h+6fBmMa7wOGXtZCc6ICH8bS0EI=
-1590,61,0W6GAsN5yAyVIoKK2w1bnmK7cFM=,h+6fBmMa7wOGXtZCc6ICH8bS0EI=
-1586,60,0W6GAsN5yAyVIoKK2w1bnmK7cFM=,h+6fBmMa7wOGXtZCc6ICH8bS0EI=
-1592,62,0W6GAsN5yAyVIoKK2w1bnmK7cFM=,h+6fBmMa7wOGXtZCc6ICH8bS0EI=
-1597,60,0W6GAsN5yAyVIoKK2w1bnmK7cFM=,h+6fBmMa7wOGXtZCc6ICH8bS0EI=
-1598,60,0W6GAsN5yAyVIoKK2w1bnmK7cFM=,h+6fBmMa7wOGXtZCc6ICH8bS0EI=
-1590,62,0W6GAsN5yAyVIoKK2w1bnmK7cFM=,h+6fBmMa7wOGXtZCc6ICH8bS0EI=
-1585,59,0W6GAsN5yAyVIoKK2w1bnmK7cFM=,h+6fBmMa7wOGXtZCc6ICH8bS0EI=
-1599,60,0W6GAsN5yAyVIoKK2w1bnmK7cFM=,h+6fBmMa7wOGXtZCc6ICH8bS0EI=
-1600,60,0W6GAsN5yAyVIoKK2w1bnmK7cFM=,h+6fBmMa7wOGXtZCc6ICH8bS0EI=
-1586,59,0W6GAsN5yAyVIoKK2w1bnmK7cFM=,h+6fBmMa7wOGXtZCc6ICH8bS0EI=
-1587,59,0W6GAsN5yAyVIoKK2w1bnmK7cFM=,h+6fBmMa7wOGXtZCc6ICH8bS0EI=
-1588,59,0W6GAsN5yAyVIoKK2w1bnmK7cFM=,h+6fBmMa7wOGXtZCc6ICH8bS0EI=
-1593,60,0W6GAsN5yAyVIoKK2w1bnmK7cFM=,h+6fBmMa7wOGXtZCc6ICH8bS0EI=
-1595,60,0W6GAsN5yAyVIoKK2w1bnmK7cFM=,h+6fBmMa7wOGXtZCc6ICH8bS0EI=
-1590,59,0W6GAsN5yAyVIoKK2w1bnmK7cFM=,h+6fBmMa7wOGXtZCc6ICH8bS0EI=
-1592,61,0W6GAsN5yAyVIoKK2w1bnmK7cFM=,h+6fBmMa7wOGXtZCc6ICH8bS0EI=
-1593,62,0W6GAsN5yAyVIoKK2w1bnmK7cFM=,h+6fBmMa7wOGXtZCc6ICH8bS0EI=
-1591,61,0W6GAsN5yAyVIoKK2w1bnmK7cFM=,h+6fBmMa7wOGXtZCc6ICH8bS0EI=
-1590,60,0W6GAsN5yAyVIoKK2w1bnmK7cFM=,h+6fBmMa7wOGXtZCc6ICH8bS0EI=
-1594,61,0W6GAsN5yAyVIoKK2w1bnmK7cFM=,h+6fBmMa7wOGXtZCc6ICH8bS0EI=
-1585,60,0W6GAsN5yAyVIoKK2w1bnmK7cFM=,h+6fBmMa7wOGXtZCc6ICH8bS0EI=
-1595,61,0W6GAsN5yAyVIoKK2w1bnmK7cFM=,h+6fBmMa7wOGXtZCc6ICH8bS0EI=
-1592,59,0W6GAsN5yAyVIoKK2w1bnmK7cFM=,h+6fBmMa7wOGXtZCc6ICH8bS0EI=
-1586,58,0W6GAsN5yAyVIoKK2w1bnmK7cFM=,h+6fBmMa7wOGXtZCc6ICH8bS0EI=
-1585,58,0W6GAsN5yAyVIoKK2w1bnmK7cFM=,h+6fBmMa7wOGXtZCc6ICH8bS0EI=
-1587,58,0W6GAsN5yAyVIoKK2w1bnmK7cFM=,h+6fBmMa7wOGXtZCc6ICH8bS0EI=
-1594,59,0W6GAsN5yAyVIoKK2w1bnmK7cFM=,h+6fBmMa7wOGXtZCc6ICH8bS0EI=
-1588,58,0W6GAsN5yAyVIoKK2w1bnmK7cFM=,h+6fBmMa7wOGXtZCc6ICH8bS0EI=
-1590,58,0W6GAsN5yAyVIoKK2w1bnmK7cFM=,h+6fBmMa7wOGXtZCc6ICH8bS0EI=
-1591,58,0W6GAsN5yAyVIoKK2w1bnmK7cFM=,h+6fBmMa7wOGXtZCc6ICH8bS0EI=
-1589,60,0W6GAsN5yAyVIoKK2w1bnmK7cFM=,h+6fBmMa7wOGXtZCc6ICH8bS0EI=
-1594,48,0W6GAsN5yAyVIoKK2w1bnmK7cFM=,h+6fBmMa7wOGXtZCc6ICH8bS0EI=
-1596,61,0W6GAsN5yAyVIoKK2w1bnmK7cFM=,h+6fBmMa7wOGXtZCc6ICH8bS0EI=
-1595,62,0W6GAsN5yAyVIoKK2w1bnmK7cFM=,h+6fBmMa7wOGXtZCc6ICH8bS0EI=
-1592,58,0W6GAsN5yAyVIoKK2w1bnmK7cFM=,h+6fBmMa7wOGXtZCc6ICH8bS0EI=
-1593,59,0W6GAsN5yAyVIoKK2w1bnmK7cFM=,h+6fBmMa7wOGXtZCc6ICH8bS0EI=
-1596,60,0W6GAsN5yAyVIoKK2w1bnmK7cFM=,h+6fBmMa7wOGXtZCc6ICH8bS0EI=
-1597,58,0W6GAsN5yAyVIoKK2w1bnmK7cFM=,h+6fBmMa7wOGXtZCc6ICH8bS0EI=
-1591,60,0W6GAsN5yAyVIoKK2w1bnmK7cFM=,h+6fBmMa7wOGXtZCc6ICH8bS0EI=
-1596,59,0W6GAsN5yAyVIoKK2w1bnmK7cFM=,h+6fBmMa7wOGXtZCc6ICH8bS0EI=
-1586,57,0W6GAsN5yAyVIoKK2w1bnmK7cFM=,h+6fBmMa7wOGXtZCc6ICH8bS0EI=
-1587,57,0W6GAsN5yAyVIoKK2w1bnmK7cFM=,h+6fBmMa7wOGXtZCc6ICH8bS0EI=
-1588,57,0W6GAsN5yAyVIoKK2w1bnmK7cFM=,h+6fBmMa7wOGXtZCc6ICH8bS0EI=
-1585,57,0W6GAsN5yAyVIoKK2w1bnmK7cFM=,h+6fBmMa7wOGXtZCc6ICH8bS0EI=
-1595,59,0W6GAsN5yAyVIoKK2w1bnmK7cFM=,h+6fBmMa7wOGXtZCc6ICH8bS0EI=
-1591,59,0W6GAsN5yAyVIoKK2w1bnmK7cFM=,h+6fBmMa7wOGXtZCc6ICH8bS0EI=
-1599,58,0W6GAsN5yAyVIoKK2w1bnmK7cFM=,h+6fBmMa7wOGXtZCc6ICH8bS0EI=
-1598,58,0W6GAsN5yAyVIoKK2w1bnmK7cFM=,h+6fBmMa7wOGXtZCc6ICH8bS0EI=
-1594,60,0W6GAsN5yAyVIoKK2w1bnmK7cFM=,h+6fBmMa7wOGXtZCc6ICH8bS0EI=
-1599,59,0W6GAsN5yAyVIoKK2w1bnmK7cFM=,h+6fBmMa7wOGXtZCc6ICH8bS0EI=
-1597,59,0W6GAsN5yAyVIoKK2w1bnmK7cFM=,h+6fBmMa7wOGXtZCc6ICH8bS0EI=
-1588,56,0W6GAsN5yAyVIoKK2w1bnmK7cFM=,h+6fBmMa7wOGXtZCc6ICH8bS0EI=
-1600,58,0W6GAsN5yAyVIoKK2w1bnmK7cFM=,h+6fBmMa7wOGXtZCc6ICH8bS0EI=
-1593,58,0W6GAsN5yAyVIoKK2w1bnmK7cFM=,h+6fBmMa7wOGXtZCc6ICH8bS0EI=
-1594,57,0W6GAsN5yAyVIoKK2w1bnmK7cFM=,h+6fBmMa7wOGXtZCc6ICH8bS0EI=
-1596,57,0W6GAsN5yAyVIoKK2w1bnmK7cFM=,h+6fBmMa7wOGXtZCc6ICH8bS0EI=
-1597,57,0W6GAsN5yAyVIoKK2w1bnmK7cFM=,h+6fBmMa7wOGXtZCc6ICH8bS0EI=
-1600,57,0W6GAsN5yAyVIoKK2w1bnmK7cFM=,h+6fBmMa7wOGXtZCc6ICH8bS0EI=
-1598,59,0W6GAsN5yAyVIoKK2w1bnmK7cFM=,h+6fBmMa7wOGXtZCc6ICH8bS0EI=
-1596,58,0W6GAsN5yAyVIoKK2w1bnmK7cFM=,h+6fBmMa7wOGXtZCc6ICH8bS0EI=
-1598,57,0W6GAsN5yAyVIoKK2w1bnmK7cFM=,h+6fBmMa7wOGXtZCc6ICH8bS0EI=
-1594,58,0W6GAsN5yAyVIoKK2w1bnmK7cFM=,h+6fBmMa7wOGXtZCc6ICH8bS0EI=
-1595,57,0W6GAsN5yAyVIoKK2w1bnmK7cFM=,h+6fBmMa7wOGXtZCc6ICH8bS0EI=
-1588,60,0W6GAsN5yAyVIoKK2w1bnmK7cFM=,h+6fBmMa7wOGXtZCc6ICH8bS0EI=
-1590,57,0W6GAsN5yAyVIoKK2w1bnmK7cFM=,h+6fBmMa7wOGXtZCc6ICH8bS0EI=
-1600,59,0W6GAsN5yAyVIoKK2w1bnmK7cFM=,h+6fBmMa7wOGXtZCc6ICH8bS0EI=
-1593,56,0W6GAsN5yAyVIoKK2w1bnmK7cFM=,h+6fBmMa7wOGXtZCc6ICH8bS0EI=
-1595,56,0W6GAsN5yAyVIoKK2w1bnmK7cFM=,h+6fBmMa7wOGXtZCc6ICH8bS0EI=
-1590,56,0W6GAsN5yAyVIoKK2w1bnmK7cFM=,h+6fBmMa7wOGXtZCc6ICH8bS0EI=
-1595,58,0W6GAsN5yAyVIoKK2w1bnmK7cFM=,h+6fBmMa7wOGXtZCc6ICH8bS0EI=
-1589,58,0W6GAsN5yAyVIoKK2w1bnmK7cFM=,h+6fBmMa7wOGXtZCc6ICH8bS0EI=
-1593,57,0W6GAsN5yAyVIoKK2w1bnmK7cFM=,h+6fBmMa7wOGXtZCc6ICH8bS0EI=
-1596,56,0W6GAsN5yAyVIoKK2w1bnmK7cFM=,h+6fBmMa7wOGXtZCc6ICH8bS0EI=
-1592,55,0W6GAsN5yAyVIoKK2w1bnmK7cFM=,h+6fBmMa7wOGXtZCc6ICH8bS0EI=
-1593,55,0W6GAsN5yAyVIoKK2w1bnmK7cFM=,h+6fBmMa7wOGXtZCc6ICH8bS0EI=
-1597,55,0W6GAsN5yAyVIoKK2w1bnmK7cFM=,h+6fBmMa7wOGXtZCc6ICH8bS0EI=
-1598,55,0W6GAsN5yAyVIoKK2w1bnmK7cFM=,h+6fBmMa7wOGXtZCc6ICH8bS0EI=
-1589,56,0W6GAsN5yAyVIoKK2w1bnmK7cFM=,h+6fBmMa7wOGXtZCc6ICH8bS0EI=
-1599,55,0W6GAsN5yAyVIoKK2w1bnmK7cFM=,h+6fBmMa7wOGXtZCc6ICH8bS0EI=
-1586,54,0W6GAsN5yAyVIoKK2w1bnmK7cFM=,h+6fBmMa7wOGXtZCc6ICH8bS0EI=
-1600,55,0W6GAsN5yAyVIoKK2w1bnmK7cFM=,h+6fBmMa7wOGXtZCc6ICH8bS0EI=
-1588,54,0W6GAsN5yAyVIoKK2w1bnmK7cFM=,h+6fBmMa7wOGXtZCc6ICH8bS0EI=
-1585,55,0W6GAsN5yAyVIoKK2w1bnmK7cFM=,h+6fBmMa7wOGXtZCc6ICH8bS0EI=
-1589,54,0W6GAsN5yAyVIoKK2w1bnmK7cFM=,h+6fBmMa7wOGXtZCc6ICH8bS0EI=
-1588,55,0W6GAsN5yAyVIoKK2w1bnmK7cFM=,h+6fBmMa7wOGXtZCc6ICH8bS0EI=
-1590,54,0W6GAsN5yAyVIoKK2w1bnmK7cFM=,h+6fBmMa7wOGXtZCc6ICH8bS0EI=
-1599,56,0W6GAsN5yAyVIoKK2w1bnmK7cFM=,h+6fBmMa7wOGXtZCc6ICH8bS0EI=
-1592,57,0W6GAsN5yAyVIoKK2w1bnmK7cFM=,h+6fBmMa7wOGXtZCc6ICH8bS0EI=
-1593,48,0W6GAsN5yAyVIoKK2w1bnmK7cFM=,h+6fBmMa7wOGXtZCc6ICH8bS0EI=
-1591,54,0W6GAsN5yAyVIoKK2w1bnmK7cFM=,h+6fBmMa7wOGXtZCc6ICH8bS0EI=
-1592,54,0W6GAsN5yAyVIoKK2w1bnmK7cFM=,h+6fBmMa7wOGXtZCc6ICH8bS0EI=
-1589,59,0W6GAsN5yAyVIoKK2w1bnmK7cFM=,h+6fBmMa7wOGXtZCc6ICH8bS0EI=
-1598,54,0W6GAsN5yAyVIoKK2w1bnmK7cFM=,h+6fBmMa7wOGXtZCc6ICH8bS0EI=
-1593,54,0W6GAsN5yAyVIoKK2w1bnmK7cFM=,h+6fBmMa7wOGXtZCc6ICH8bS0EI=
-1597,54,0W6GAsN5yAyVIoKK2w1bnmK7cFM=,h+6fBmMa7wOGXtZCc6ICH8bS0EI=
-1600,54,0W6GAsN5yAyVIoKK2w1bnmK7cFM=,h+6fBmMa7wOGXtZCc6ICH8bS0EI=
-1591,55,0W6GAsN5yAyVIoKK2w1bnmK7cFM=,h+6fBmMa7wOGXtZCc6ICH8bS0EI=
-1599,54,0W6GAsN5yAyVIoKK2w1bnmK7cFM=,h+6fBmMa7wOGXtZCc6ICH8bS0EI=
-1589,57,0W6GAsN5yAyVIoKK2w1bnmK7cFM=,h+6fBmMa7wOGXtZCc6ICH8bS0EI=
-1591,57,0W6GAsN5yAyVIoKK2w1bnmK7cFM=,h+6fBmMa7wOGXtZCc6ICH8bS0EI=
-1599,57,0W6GAsN5yAyVIoKK2w1bnmK7cFM=,h+6fBmMa7wOGXtZCc6ICH8bS0EI=
-1594,54,0W6GAsN5yAyVIoKK2w1bnmK7cFM=,h+6fBmMa7wOGXtZCc6ICH8bS0EI=
-1595,55,0W6GAsN5yAyVIoKK2w1bnmK7cFM=,h+6fBmMa7wOGXtZCc6ICH8bS0EI=
-1594,56,0W6GAsN5yAyVIoKK2w1bnmK7cFM=,h+6fBmMa7wOGXtZCc6ICH8bS0EI=
-1598,56,0W6GAsN5yAyVIoKK2w1bnmK7cFM=,h+6fBmMa7wOGXtZCc6ICH8bS0EI=
-1593,53,0W6GAsN5yAyVIoKK2w1bnmK7cFM=,h+6fBmMa7wOGXtZCc6ICH8bS0EI=
-1585,56,0W6GAsN5yAyVIoKK2w1bnmK7cFM=,h+6fBmMa7wOGXtZCc6ICH8bS0EI=
-1587,53,0W6GAsN5yAyVIoKK2w1bnmK7cFM=,h+6fBmMa7wOGXtZCc6ICH8bS0EI=
-1586,55,0W6GAsN5yAyVIoKK2w1bnmK7cFM=,h+6fBmMa7wOGXtZCc6ICH8bS0EI=
-1597,53,0W6GAsN5yAyVIoKK2w1bnmK7cFM=,h+6fBmMa7wOGXtZCc6ICH8bS0EI=
-1598,53,0W6GAsN5yAyVIoKK2w1bnmK7cFM=,h+6fBmMa7wOGXtZCc6ICH8bS0EI=
-1599,53,0W6GAsN5yAyVIoKK2w1bnmK7cFM=,h+6fBmMa7wOGXtZCc6ICH8bS0EI=
-1586,56,0W6GAsN5yAyVIoKK2w1bnmK7cFM=,h+6fBmMa7wOGXtZCc6ICH8bS0EI=
-1590,55,0W6GAsN5yAyVIoKK2w1bnmK7cFM=,h+6fBmMa7wOGXtZCc6ICH8bS0EI=
-1591,53,0W6GAsN5yAyVIoKK2w1bnmK7cFM=,h+6fBmMa7wOGXtZCc6ICH8bS0EI=
-1587,56,0W6GAsN5yAyVIoKK2w1bnmK7cFM=,h+6fBmMa7wOGXtZCc6ICH8bS0EI=
-1600,53,0W6GAsN5yAyVIoKK2w1bnmK7cFM=,h+6fBmMa7wOGXtZCc6ICH8bS0EI=
-1587,55,0W6GAsN5yAyVIoKK2w1bnmK7cFM=,h+6fBmMa7wOGXtZCc6ICH8bS0EI=
-1597,56,0W6GAsN5yAyVIoKK2w1bnmK7cFM=,h+6fBmMa7wOGXtZCc6ICH8bS0EI=
-1596,55,0W6GAsN5yAyVIoKK2w1bnmK7cFM=,h+6fBmMa7wOGXtZCc6ICH8bS0EI=
-1587,52,0W6GAsN5yAyVIoKK2w1bnmK7cFM=,h+6fBmMa7wOGXtZCc6ICH8bS0EI=
-1585,53,0W6GAsN5yAyVIoKK2w1bnmK7cFM=,h+6fBmMa7wOGXtZCc6ICH8bS0EI=
-1589,55,0W6GAsN5yAyVIoKK2w1bnmK7cFM=,h+6fBmMa7wOGXtZCc6ICH8bS0EI=
-1592,53,0W6GAsN5yAyVIoKK2w1bnmK7cFM=,h+6fBmMa7wOGXtZCc6ICH8bS0EI=
-1586,53,0W6GAsN5yAyVIoKK2w1bnmK7cFM=,h+6fBmMa7wOGXtZCc6ICH8bS0EI=
-1597,52,0W6GAsN5yAyVIoKK2w1bnmK7cFM=,h+6fBmMa7wOGXtZCc6ICH8bS0EI=
-1587,54,0W6GAsN5yAyVIoKK2w1bnmK7cFM=,h+6fBmMa7wOGXtZCc6ICH8bS0EI=
-1593,61,0W6GAsN5yAyVIoKK2w1bnmK7cFM=,h+6fBmMa7wOGXtZCc6ICH8bS0EI=
-1599,52,0W6GAsN5yAyVIoKK2w1bnmK7cFM=,h+6fBmMa7wOGXtZCc6ICH8bS0EI=
-1589,53,0W6GAsN5yAyVIoKK2w1bnmK7cFM=,h+6fBmMa7wOGXtZCc6ICH8bS0EI=
-1600,52,0W6GAsN5yAyVIoKK2w1bnmK7cFM=,h+6fBmMa7wOGXtZCc6ICH8bS0EI=
-1598,52,0W6GAsN5yAyVIoKK2w1bnmK7cFM=,h+6fBmMa7wOGXtZCc6ICH8bS0EI=
-1586,52,0W6GAsN5yAyVIoKK2w1bnmK7cFM=,h+6fBmMa7wOGXtZCc6ICH8bS0EI=
-1592,56,0W6GAsN5yAyVIoKK2w1bnmK7cFM=,h+6fBmMa7wOGXtZCc6ICH8bS0EI=
-1595,52,0W6GAsN5yAyVIoKK2w1bnmK7cFM=,h+6fBmMa7wOGXtZCc6ICH8bS0EI=
-1587,51,0W6GAsN5yAyVIoKK2w1bnmK7cFM=,h+6fBmMa7wOGXtZCc6ICH8bS0EI=
-1594,53,0W6GAsN5yAyVIoKK2w1bnmK7cFM=,h+6fBmMa7wOGXtZCc6ICH8bS0EI=
-1585,52,0W6GAsN5yAyVIoKK2w1bnmK7cFM=,h+6fBmMa7wOGXtZCc6ICH8bS0EI=
-1595,54,0W6GAsN5yAyVIoKK2w1bnmK7cFM=,h+6fBmMa7wOGXtZCc6ICH8bS0EI=
-1592,51,0W6GAsN5yAyVIoKK2w1bnmK7cFM=,h+6fBmMa7wOGXtZCc6ICH8bS0EI=
-1591,51,0W6GAsN5yAyVIoKK2w1bnmK7cFM=,h+6fBmMa7wOGXtZCc6ICH8bS0EI=
-1585,54,0W6GAsN5yAyVIoKK2w1bnmK7cFM=,h+6fBmMa7wOGXtZCc6ICH8bS0EI=
-1595,53,0W6GAsN5yAyVIoKK2w1bnmK7cFM=,h+6fBmMa7wOGXtZCc6ICH8bS0EI=
-1586,51,0W6GAsN5yAyVIoKK2w1bnmK7cFM=,h+6fBmMa7wOGXtZCc6ICH8bS0EI=
-1594,55,0W6GAsN5yAyVIoKK2w1bnmK7cFM=,h+6fBmMa7wOGXtZCc6ICH8bS0EI=
-1592,48,0W6GAsN5yAyVIoKK2w1bnmK7cFM=,h+6fBmMa7wOGXtZCc6ICH8bS0EI=
-1588,53,0W6GAsN5yAyVIoKK2w1bnmK7cFM=,h+6fBmMa7wOGXtZCc6ICH8bS0EI=
-1596,53,0W6GAsN5yAyVIoKK2w1bnmK7cFM=,h+6fBmMa7wOGXtZCc6ICH8bS0EI=
-1590,51,0W6GAsN5yAyVIoKK2w1bnmK7cFM=,h+6fBmMa7wOGXtZCc6ICH8bS0EI=
-1594,52,0W6GAsN5yAyVIoKK2w1bnmK7cFM=,h+6fBmMa7wOGXtZCc6ICH8bS0EI=
-1596,52,0W6GAsN5yAyVIoKK2w1bnmK7cFM=,h+6fBmMa7wOGXtZCc6ICH8bS0EI=
-1600,56,0W6GAsN5yAyVIoKK2w1bnmK7cFM=,h+6fBmMa7wOGXtZCc6ICH8bS0EI=
-1591,52,0W6GAsN5yAyVIoKK2w1bnmK7cFM=,h+6fBmMa7wOGXtZCc6ICH8bS0EI=
-1588,52,0W6GAsN5yAyVIoKK2w1bnmK7cFM=,h+6fBmMa7wOGXtZCc6ICH8bS0EI=
-1596,51,0W6GAsN5yAyVIoKK2w1bnmK7cFM=,h+6fBmMa7wOGXtZCc6ICH8bS0EI=
-1588,49,0W6GAsN5yAyVIoKK2w1bnmK7cFM=,h+6fBmMa7wOGXtZCc6ICH8bS0EI=
-1589,49,0W6GAsN5yAyVIoKK2w1bnmK7cFM=,h+6fBmMa7wOGXtZCc6ICH8bS0EI=
-1586,50,0W6GAsN5yAyVIoKK2w1bnmK7cFM=,h+6fBmMa7wOGXtZCc6ICH8bS0EI=
-1591,56,0W6GAsN5yAyVIoKK2w1bnmK7cFM=,h+6fBmMa7wOGXtZCc6ICH8bS0EI=
-1588,51,0W6GAsN5yAyVIoKK2w1bnmK7cFM=,h+6fBmMa7wOGXtZCc6ICH8bS0EI=
-1589,52,0W6GAsN5yAyVIoKK2w1bnmK7cFM=,h+6fBmMa7wOGXtZCc6ICH8bS0EI=
-1587,49,0W6GAsN5yAyVIoKK2w1bnmK7cFM=,h+6fBmMa7wOGXtZCc6ICH8bS0EI=
-1590,52,0W6GAsN5yAyVIoKK2w1bnmK7cFM=,h+6fBmMa7wOGXtZCc6ICH8bS0EI=
-1596,54,0W6GAsN5yAyVIoKK2w1bnmK7cFM=,h+6fBmMa7wOGXtZCc6ICH8bS0EI=
-1594,51,0W6GAsN5yAyVIoKK2w1bnmK7cFM=,h+6fBmMa7wOGXtZCc6ICH8bS0EI=
-1592,52,0W6GAsN5yAyVIoKK2w1bnmK7cFM=,h+6fBmMa7wOGXtZCc6ICH8bS0EI=
-1589,51,0W6GAsN5yAyVIoKK2w1bnmK7cFM=,h+6fBmMa7wOGXtZCc6ICH8bS0EI=
-1598,51,0W6GAsN5yAyVIoKK2w1bnmK7cFM=,h+6fBmMa7wOGXtZCc6ICH8bS0EI=
-1585,48,0W6GAsN5yAyVIoKK2w1bnmK7cFM=,h+6fBmMa7wOGXtZCc6ICH8bS0EI=
-1593,51,0W6GAsN5yAyVIoKK2w1bnmK7cFM=,h+6fBmMa7wOGXtZCc6ICH8bS0EI=
-1586,48,0W6GAsN5yAyVIoKK2w1bnmK7cFM=,h+6fBmMa7wOGXtZCc6ICH8bS0EI=
-1592,49,0W6GAsN5yAyVIoKK2w1bnmK7cFM=,h+6fBmMa7wOGXtZCc6ICH8bS0EI=
-1595,51,0W6GAsN5yAyVIoKK2w1bnmK7cFM=,h+6fBmMa7wOGXtZCc6ICH8bS0EI=
-1590,48,0W6GAsN5yAyVIoKK2w1bnmK7cFM=,h+6fBmMa7wOGXtZCc6ICH8bS0EI=
-1585,51,0W6GAsN5yAyVIoKK2w1bnmK7cFM=,h+6fBmMa7wOGXtZCc6ICH8bS0EI=
-1589,48,0W6GAsN5yAyVIoKK2w1bnmK7cFM=,h+6fBmMa7wOGXtZCc6ICH8bS0EI=
-1590,49,0W6GAsN5yAyVIoKK2w1bnmK7cFM=,h+6fBmMa7wOGXtZCc6ICH8bS0EI=
-1585,50,0W6GAsN5yAyVIoKK2w1bnmK7cFM=,h+6fBmMa7wOGXtZCc6ICH8bS0EI=
-1587,50,0W6GAsN5yAyVIoKK2w1bnmK7cFM=,h+6fBmMa7wOGXtZCc6ICH8bS0EI=
-1590,53,0W6GAsN5yAyVIoKK2w1bnmK7cFM=,h+6fBmMa7wOGXtZCc6ICH8bS0EI=
-1591,49,0W6GAsN5yAyVIoKK2w1bnmK7cFM=,h+6fBmMa7wOGXtZCc6ICH8bS0EI=
-1597,51,0W6GAsN5yAyVIoKK2w1bnmK7cFM=,h+6fBmMa7wOGXtZCc6ICH8bS0EI=
-1599,51,0W6GAsN5yAyVIoKK2w1bnmK7cFM=,h+6fBmMa7wOGXtZCc6ICH8bS0EI=
-1588,48,0W6GAsN5yAyVIoKK2w1bnmK7cFM=,h+6fBmMa7wOGXtZCc6ICH8bS0EI=
-1594,49,0W6GAsN5yAyVIoKK2w1bnmK7cFM=,h+6fBmMa7wOGXtZCc6ICH8bS0EI=
-1585,49,0W6GAsN5yAyVIoKK2w1bnmK7cFM=,h+6fBmMa7wOGXtZCc6ICH8bS0EI=
-1598,49,0W6GAsN5yAyVIoKK2w1bnmK7cFM=,h+6fBmMa7wOGXtZCc6ICH8bS0EI=
-1586,49,0W6GAsN5yAyVIoKK2w1bnmK7cFM=,h+6fBmMa7wOGXtZCc6ICH8bS0EI=
-1593,52,0W6GAsN5yAyVIoKK2w1bnmK7cFM=,h+6fBmMa7wOGXtZCc6ICH8bS0EI=
-1588,50,0W6GAsN5yAyVIoKK2w1bnmK7cFM=,h+6fBmMa7wOGXtZCc6ICH8bS0EI=
-1591,48,0W6GAsN5yAyVIoKK2w1bnmK7cFM=,h+6fBmMa7wOGXtZCc6ICH8bS0EI=
-1587,48,0W6GAsN5yAyVIoKK2w1bnmK7cFM=,h+6fBmMa7wOGXtZCc6ICH8bS0EI=
-1600,51,0W6GAsN5yAyVIoKK2w1bnmK7cFM=,h+6fBmMa7wOGXtZCc6ICH8bS0EI=
-1600,49,0W6GAsN5yAyVIoKK2w1bnmK7cFM=,h+6fBmMa7wOGXtZCc6ICH8bS0EI=
-1595,49,0W6GAsN5yAyVIoKK2w1bnmK7cFM=,h+6fBmMa7wOGXtZCc6ICH8bS0EI=
-1593,49,0W6GAsN5yAyVIoKK2w1bnmK7cFM=,h+6fBmMa7wOGXtZCc6ICH8bS0EI=
-1599,49,0W6GAsN5yAyVIoKK2w1bnmK7cFM=,h+6fBmMa7wOGXtZCc6ICH8bS0EI=
-1589,50,0W6GAsN5yAyVIoKK2w1bnmK7cFM=,h+6fBmMa7wOGXtZCc6ICH8bS0EI=
-1593,50,0W6GAsN5yAyVIoKK2w1bnmK7cFM=,h+6fBmMa7wOGXtZCc6ICH8bS0EI=
-1590,50,0W6GAsN5yAyVIoKK2w1bnmK7cFM=,h+6fBmMa7wOGXtZCc6ICH8bS0EI=
-1597,49,0W6GAsN5yAyVIoKK2w1bnmK7cFM=,h+6fBmMa7wOGXtZCc6ICH8bS0EI=
-1591,50,0W6GAsN5yAyVIoKK2w1bnmK7cFM=,h+6fBmMa7wOGXtZCc6ICH8bS0EI=
-1596,49,0W6GAsN5yAyVIoKK2w1bnmK7cFM=,h+6fBmMa7wOGXtZCc6ICH8bS0EI=
-1597,50,0W6GAsN5yAyVIoKK2w1bnmK7cFM=,h+6fBmMa7wOGXtZCc6ICH8bS0EI=
-1595,50,0W6GAsN5yAyVIoKK2w1bnmK7cFM=,h+6fBmMa7wOGXtZCc6ICH8bS0EI=
-1592,50,0W6GAsN5yAyVIoKK2w1bnmK7cFM=,h+6fBmMa7wOGXtZCc6ICH8bS0EI=
-1599,50,0W6GAsN5yAyVIoKK2w1bnmK7cFM=,h+6fBmMa7wOGXtZCc6ICH8bS0EI=
-1600,50,0W6GAsN5yAyVIoKK2w1bnmK7cFM=,h+6fBmMa7wOGXtZCc6ICH8bS0EI=
-1598,50,0W6GAsN5yAyVIoKK2w1bnmK7cFM=,h+6fBmMa7wOGXtZCc6ICH8bS0EI=
-1594,50,0W6GAsN5yAyVIoKK2w1bnmK7cFM=,h+6fBmMa7wOGXtZCc6ICH8bS0EI=
-1596,50,0W6GAsN5yAyVIoKK2w1bnmK7cFM=,h+6fBmMa7wOGXtZCc6ICH8bS0EI=
-1569,63,NsyWBAkAkWaFqdUhGbAY+IieEns=,h+6fBmMa7wOGXtZCc6ICH8bS0EI=
-1570,63,NsyWBAkAkWaFqdUhGbAY+IieEns=,h+6fBmMa7wOGXtZCc6ICH8bS0EI=
-1581,48,NsyWBAkAkWaFqdUhGbAY+IieEns=,h+6fBmMa7wOGXtZCc6ICH8bS0EI=
-1572,63,NsyWBAkAkWaFqdUhGbAY+IieEns=,h+6fBmMa7wOGXtZCc6ICH8bS0EI=
-1582,48,NsyWBAkAkWaFqdUhGbAY+IieEns=,h+6fBmMa7wOGXtZCc6ICH8bS0EI=
-1571,63,NsyWBAkAkWaFqdUhGbAY+IieEns=,h+6fBmMa7wOGXtZCc6ICH8bS0EI=
-1583,48,NsyWBAkAkWaFqdUhGbAY+IieEns=,h+6fBmMa7wOGXtZCc6ICH8bS0EI=
-1577,63,NsyWBAkAkWaFqdUhGbAY+IieEns=,h+6fBmMa7wOGXtZCc6ICH8bS0EI=
-1579,63,NsyWBAkAkWaFqdUhGbAY+IieEns=,h+6fBmMa7wOGXtZCc6ICH8bS0EI=
-1575,63,NsyWBAkAkWaFqdUhGbAY+IieEns=,h+6fBmMa7wOGXtZCc6ICH8bS0EI=
-1578,63,NsyWBAkAkWaFqdUhGbAY+IieEns=,h+6fBmMa7wOGXtZCc6ICH8bS0EI=
-1582,63,NsyWBAkAkWaFqdUhGbAY+IieEns=,h+6fBmMa7wOGXtZCc6ICH8bS0EI=
-1583,63,NsyWBAkAkWaFqdUhGbAY+IieEns=,h+6fBmMa7wOGXtZCc6ICH8bS0EI=
-1569,62,NsyWBAkAkWaFqdUhGbAY+IieEns=,h+6fBmMa7wOGXtZCc6ICH8bS0EI=
-1571,62,NsyWBAkAkWaFqdUhGbAY+IieEns=,h+6fBmMa7wOGXtZCc6ICH8bS0EI=
-1572,62,NsyWBAkAkWaFqdUhGbAY+IieEns=,h+6fBmMa7wOGXtZCc6ICH8bS0EI=
-1570,62,NsyWBAkAkWaFqdUhGbAY+IieEns=,h+6fBmMa7wOGXtZCc6ICH8bS0EI=
-1577,62,NsyWBAkAkWaFqdUhGbAY+IieEns=,h+6fBmMa7wOGXtZCc6ICH8bS0EI=
-1581,63,NsyWBAkAkWaFqdUhGbAY+IieEns=,h+6fBmMa7wOGXtZCc6ICH8bS0EI=
-1582,62,NsyWBAkAkWaFqdUhGbAY+IieEns=,h+6fBmMa7wOGXtZCc6ICH8bS0EI=
-1570,61,NsyWBAkAkWaFqdUhGbAY+IieEns=,h+6fBmMa7wOGXtZCc6ICH8bS0EI=
-1578,62,NsyWBAkAkWaFqdUhGbAY+IieEns=,h+6fBmMa7wOGXtZCc6ICH8bS0EI=
-1569,61,NsyWBAkAkWaFqdUhGbAY+IieEns=,h+6fBmMa7wOGXtZCc6ICH8bS0EI=
-1579,62,NsyWBAkAkWaFqdUhGbAY+IieEns=,h+6fBmMa7wOGXtZCc6ICH8bS0EI=
-1572,61,NsyWBAkAkWaFqdUhGbAY+IieEns=,h+6fBmMa7wOGXtZCc6ICH8bS0EI=
-1571,61,NsyWBAkAkWaFqdUhGbAY+IieEns=,h+6fBmMa7wOGXtZCc6ICH8bS0EI=
-1583,62,NsyWBAkAkWaFqdUhGbAY+IieEns=,h+6fBmMa7wOGXtZCc6ICH8bS0EI=
-1584,48,NsyWBAkAkWaFqdUhGbAY+IieEns=,h+6fBmMa7wOGXtZCc6ICH8bS0EI=
-1573,63,NsyWBAkAkWaFqdUhGbAY+IieEns=,h+6fBmMa7wOGXtZCc6ICH8bS0EI=
-1576,63,NsyWBAkAkWaFqdUhGbAY+IieEns=,h+6fBmMa7wOGXtZCc6ICH8bS0EI=
-1580,61,NsyWBAkAkWaFqdUhGbAY+IieEns=,h+6fBmMa7wOGXtZCc6ICH8bS0EI=
-1569,60,NsyWBAkAkWaFqdUhGbAY+IieEns=,h+6fBmMa7wOGXtZCc6ICH8bS0EI=
-1584,63,NsyWBAkAkWaFqdUhGbAY+IieEns=,h+6fBmMa7wOGXtZCc6ICH8bS0EI=
-1575,62,NsyWBAkAkWaFqdUhGbAY+IieEns=,h+6fBmMa7wOGXtZCc6ICH8bS0EI=
-1570,60,NsyWBAkAkWaFqdUhGbAY+IieEns=,h+6fBmMa7wOGXtZCc6ICH8bS0EI=
-1572,60,NsyWBAkAkWaFqdUhGbAY+IieEns=,h+6fBmMa7wOGXtZCc6ICH8bS0EI=
-1571,60,NsyWBAkAkWaFqdUhGbAY+IieEns=,h+6fBmMa7wOGXtZCc6ICH8bS0EI=
-1581,61,NsyWBAkAkWaFqdUhGbAY+IieEns=,h+6fBmMa7wOGXtZCc6ICH8bS0EI=
-1580,63,NsyWBAkAkWaFqdUhGbAY+IieEns=,h+6fBmMa7wOGXtZCc6ICH8bS0EI=
-1576,62,NsyWBAkAkWaFqdUhGbAY+IieEns=,h+6fBmMa7wOGXtZCc6ICH8bS0EI=
-1574,63,NsyWBAkAkWaFqdUhGbAY+IieEns=,h+6fBmMa7wOGXtZCc6ICH8bS0EI=
-1580,62,NsyWBAkAkWaFqdUhGbAY+IieEns=,h+6fBmMa7wOGXtZCc6ICH8bS0EI=
-1574,61,NsyWBAkAkWaFqdUhGbAY+IieEns=,h+6fBmMa7wOGXtZCc6ICH8bS0EI=
-1579,61,NsyWBAkAkWaFqdUhGbAY+IieEns=,h+6fBmMa7wOGXtZCc6ICH8bS0EI=
-1574,62,NsyWBAkAkWaFqdUhGbAY+IieEns=,h+6fBmMa7wOGXtZCc6ICH8bS0EI=
-1581,60,NsyWBAkAkWaFqdUhGbAY+IieEns=,h+6fBmMa7wOGXtZCc6ICH8bS0EI=
-1576,61,NsyWBAkAkWaFqdUhGbAY+IieEns=,h+6fBmMa7wOGXtZCc6ICH8bS0EI=
-1580,48,NsyWBAkAkWaFqdUhGbAY+IieEns=,h+6fBmMa7wOGXtZCc6ICH8bS0EI=
-1584,62,NsyWBAkAkWaFqdUhGbAY+IieEns=,h+6fBmMa7wOGXtZCc6ICH8bS0EI=
-1578,61,NsyWBAkAkWaFqdUhGbAY+IieEns=,h+6fBmMa7wOGXtZCc6ICH8bS0EI=
-1569,59,NsyWBAkAkWaFqdUhGbAY+IieEns=,h+6fBmMa7wOGXtZCc6ICH8bS0EI=
-1571,59,NsyWBAkAkWaFqdUhGbAY+IieEns=,h+6fBmMa7wOGXtZCc6ICH8bS0EI=
-1570,59,NsyWBAkAkWaFqdUhGbAY+IieEns=,h+6fBmMa7wOGXtZCc6ICH8bS0EI=
-1573,59,NsyWBAkAkWaFqdUhGbAY+IieEns=,h+6fBmMa7wOGXtZCc6ICH8bS0EI=
-1572,59,NsyWBAkAkWaFqdUhGbAY+IieEns=,h+6fBmMa7wOGXtZCc6ICH8bS0EI=
-1574,59,NsyWBAkAkWaFqdUhGbAY+IieEns=,h+6fBmMa7wOGXtZCc6ICH8bS0EI=
-1576,59,NsyWBAkAkWaFqdUhGbAY+IieEns=,h+6fBmMa7wOGXtZCc6ICH8bS0EI=
-1575,59,NsyWBAkAkWaFqdUhGbAY+IieEns=,h+6fBmMa7wOGXtZCc6ICH8bS0EI=
-1578,59,NsyWBAkAkWaFqdUhGbAY+IieEns=,h+6fBmMa7wOGXtZCc6ICH8bS0EI=
-1577,59,NsyWBAkAkWaFqdUhGbAY+IieEns=,h+6fBmMa7wOGXtZCc6ICH8bS0EI=
-1579,59,NsyWBAkAkWaFqdUhGbAY+IieEns=,h+6fBmMa7wOGXtZCc6ICH8bS0EI=
-1580,59,NsyWBAkAkWaFqdUhGbAY+IieEns=,h+6fBmMa7wOGXtZCc6ICH8bS0EI=
-1584,61,NsyWBAkAkWaFqdUhGbAY+IieEns=,h+6fBmMa7wOGXtZCc6ICH8bS0EI=
-1576,60,NsyWBAkAkWaFqdUhGbAY+IieEns=,h+6fBmMa7wOGXtZCc6ICH8bS0EI=
-1573,62,NsyWBAkAkWaFqdUhGbAY+IieEns=,h+6fBmMa7wOGXtZCc6ICH8bS0EI=
-1569,58,NsyWBAkAkWaFqdUhGbAY+IieEns=,h+6fBmMa7wOGXtZCc6ICH8bS0EI=
-1570,58,NsyWBAkAkWaFqdUhGbAY+IieEns=,h+6fBmMa7wOGXtZCc6ICH8bS0EI=
-1572,58,NsyWBAkAkWaFqdUhGbAY+IieEns=,h+6fBmMa7wOGXtZCc6ICH8bS0EI=
-1571,58,NsyWBAkAkWaFqdUhGbAY+IieEns=,h+6fBmMa7wOGXtZCc6ICH8bS0EI=
-1580,60,NsyWBAkAkWaFqdUhGbAY+IieEns=,h+6fBmMa7wOGXtZCc6ICH8bS0EI=
-1573,58,NsyWBAkAkWaFqdUhGbAY+IieEns=,h+6fBmMa7wOGXtZCc6ICH8bS0EI=
-1574,58,NsyWBAkAkWaFqdUhGbAY+IieEns=,h+6fBmMa7wOGXtZCc6ICH8bS0EI=
-1573,61,NsyWBAkAkWaFqdUhGbAY+IieEns=,h+6fBmMa7wOGXtZCc6ICH8bS0EI=
-1575,58,NsyWBAkAkWaFqdUhGbAY+IieEns=,h+6fBmMa7wOGXtZCc6ICH8bS0EI=
-1576,58,NsyWBAkAkWaFqdUhGbAY+IieEns=,h+6fBmMa7wOGXtZCc6ICH8bS0EI=
-1578,58,NsyWBAkAkWaFqdUhGbAY+IieEns=,h+6fBmMa7wOGXtZCc6ICH8bS0EI=
-1577,58,NsyWBAkAkWaFqdUhGbAY+IieEns=,h+6fBmMa7wOGXtZCc6ICH8bS0EI=
-1579,58,NsyWBAkAkWaFqdUhGbAY+IieEns=,h+6fBmMa7wOGXtZCc6ICH8bS0EI=
-1577,61,NsyWBAkAkWaFqdUhGbAY+IieEns=,h+6fBmMa7wOGXtZCc6ICH8bS0EI=
-1570,57,NsyWBAkAkWaFqdUhGbAY+IieEns=,h+6fBmMa7wOGXtZCc6ICH8bS0EI=
-1575,60,NsyWBAkAkWaFqdUhGbAY+IieEns=,h+6fBmMa7wOGXtZCc6ICH8bS0EI=
-1569,57,NsyWBAkAkWaFqdUhGbAY+IieEns=,h+6fBmMa7wOGXtZCc6ICH8bS0EI=
-1580,58,NsyWBAkAkWaFqdUhGbAY+IieEns=,h+6fBmMa7wOGXtZCc6ICH8bS0EI=
-1571,57,NsyWBAkAkWaFqdUhGbAY+IieEns=,h+6fBmMa7wOGXtZCc6ICH8bS0EI=
-1573,57,NsyWBAkAkWaFqdUhGbAY+IieEns=,h+6fBmMa7wOGXtZCc6ICH8bS0EI=
-1574,57,NsyWBAkAkWaFqdUhGbAY+IieEns=,h+6fBmMa7wOGXtZCc6ICH8bS0EI=
-1572,57,NsyWBAkAkWaFqdUhGbAY+IieEns=,h+6fBmMa7wOGXtZCc6ICH8bS0EI=
-1575,57,NsyWBAkAkWaFqdUhGbAY+IieEns=,h+6fBmMa7wOGXtZCc6ICH8bS0EI=
-1577,57,NsyWBAkAkWaFqdUhGbAY+IieEns=,h+6fBmMa7wOGXtZCc6ICH8bS0EI=
-1576,57,NsyWBAkAkWaFqdUhGbAY+IieEns=,h+6fBmMa7wOGXtZCc6ICH8bS0EI=
-1581,62,NsyWBAkAkWaFqdUhGbAY+IieEns=,h+6fBmMa7wOGXtZCc6ICH8bS0EI=
-1580,57,NsyWBAkAkWaFqdUhGbAY+IieEns=,h+6fBmMa7wOGXtZCc6ICH8bS0EI=
-1578,57,NsyWBAkAkWaFqdUhGbAY+IieEns=,h+6fBmMa7wOGXtZCc6ICH8bS0EI=
-1579,57,NsyWBAkAkWaFqdUhGbAY+IieEns=,h+6fBmMa7wOGXtZCc6ICH8bS0EI=
-1579,60,NsyWBAkAkWaFqdUhGbAY+IieEns=,h+6fBmMa7wOGXtZCc6ICH8bS0EI=
-1582,61,NsyWBAkAkWaFqdUhGbAY+IieEns=,h+6fBmMa7wOGXtZCc6ICH8bS0EI=
-1573,60,NsyWBAkAkWaFqdUhGbAY+IieEns=,h+6fBmMa7wOGXtZCc6ICH8bS0EI=
-1569,56,NsyWBAkAkWaFqdUhGbAY+IieEns=,h+6fBmMa7wOGXtZCc6ICH8bS0EI=
-1570,56,NsyWBAkAkWaFqdUhGbAY+IieEns=,h+6fBmMa7wOGXtZCc6ICH8bS0EI=
-1571,56,NsyWBAkAkWaFqdUhGbAY+IieEns=,h+6fBmMa7wOGXtZCc6ICH8bS0EI=
-1573,56,NsyWBAkAkWaFqdUhGbAY+IieEns=,h+6fBmMa7wOGXtZCc6ICH8bS0EI=
-1572,56,NsyWBAkAkWaFqdUhGbAY+IieEns=,h+6fBmMa7wOGXtZCc6ICH8bS0EI=
-1574,56,NsyWBAkAkWaFqdUhGbAY+IieEns=,h+6fBmMa7wOGXtZCc6ICH8bS0EI=
-1583,61,NsyWBAkAkWaFqdUhGbAY+IieEns=,h+6fBmMa7wOGXtZCc6ICH8bS0EI=
-1575,56,NsyWBAkAkWaFqdUhGbAY+IieEns=,h+6fBmMa7wOGXtZCc6ICH8bS0EI=
-1576,56,NsyWBAkAkWaFqdUhGbAY+IieEns=,h+6fBmMa7wOGXtZCc6ICH8bS0EI=
-1574,60,NsyWBAkAkWaFqdUhGbAY+IieEns=,h+6fBmMa7wOGXtZCc6ICH8bS0EI=
-1578,56,NsyWBAkAkWaFqdUhGbAY+IieEns=,h+6fBmMa7wOGXtZCc6ICH8bS0EI=
-1577,56,NsyWBAkAkWaFqdUhGbAY+IieEns=,h+6fBmMa7wOGXtZCc6ICH8bS0EI=
-1580,56,NsyWBAkAkWaFqdUhGbAY+IieEns=,h+6fBmMa7wOGXtZCc6ICH8bS0EI=
-1579,56,NsyWBAkAkWaFqdUhGbAY+IieEns=,h+6fBmMa7wOGXtZCc6ICH8bS0EI=
-1575,61,NsyWBAkAkWaFqdUhGbAY+IieEns=,h+6fBmMa7wOGXtZCc6ICH8bS0EI=
-1569,55,NsyWBAkAkWaFqdUhGbAY+IieEns=,h+6fBmMa7wOGXtZCc6ICH8bS0EI=
-1582,60,NsyWBAkAkWaFqdUhGbAY+IieEns=,h+6fBmMa7wOGXtZCc6ICH8bS0EI=
-1571,55,NsyWBAkAkWaFqdUhGbAY+IieEns=,h+6fBmMa7wOGXtZCc6ICH8bS0EI=
-1570,55,NsyWBAkAkWaFqdUhGbAY+IieEns=,h+6fBmMa7wOGXtZCc6ICH8bS0EI=
-1572,55,NsyWBAkAkWaFqdUhGbAY+IieEns=,h+6fBmMa7wOGXtZCc6ICH8bS0EI=
-1583,60,NsyWBAkAkWaFqdUhGbAY+IieEns=,h+6fBmMa7wOGXtZCc6ICH8bS0EI=
-1583,59,NsyWBAkAkWaFqdUhGbAY+IieEns=,h+6fBmMa7wOGXtZCc6ICH8bS0EI=
-1582,58,NsyWBAkAkWaFqdUhGbAY+IieEns=,h+6fBmMa7wOGXtZCc6ICH8bS0EI=
-1581,59,NsyWBAkAkWaFqdUhGbAY+IieEns=,h+6fBmMa7wOGXtZCc6ICH8bS0EI=
-1577,55,NsyWBAkAkWaFqdUhGbAY+IieEns=,h+6fBmMa7wOGXtZCc6ICH8bS0EI=
-1580,55,NsyWBAkAkWaFqdUhGbAY+IieEns=,h+6fBmMa7wOGXtZCc6ICH8bS0EI=
-1578,55,NsyWBAkAkWaFqdUhGbAY+IieEns=,h+6fBmMa7wOGXtZCc6ICH8bS0EI=
-1579,55,NsyWBAkAkWaFqdUhGbAY+IieEns=,h+6fBmMa7wOGXtZCc6ICH8bS0EI=
-1583,58,NsyWBAkAkWaFqdUhGbAY+IieEns=,h+6fBmMa7wOGXtZCc6ICH8bS0EI=
-1584,59,NsyWBAkAkWaFqdUhGbAY+IieEns=,h+6fBmMa7wOGXtZCc6ICH8bS0EI=
-1577,60,NsyWBAkAkWaFqdUhGbAY+IieEns=,h+6fBmMa7wOGXtZCc6ICH8bS0EI=
-1578,60,NsyWBAkAkWaFqdUhGbAY+IieEns=,h+6fBmMa7wOGXtZCc6ICH8bS0EI=
-1569,54,NsyWBAkAkWaFqdUhGbAY+IieEns=,h+6fBmMa7wOGXtZCc6ICH8bS0EI=
-1570,54,NsyWBAkAkWaFqdUhGbAY+IieEns=,h+6fBmMa7wOGXtZCc6ICH8bS0EI=
-1572,54,NsyWBAkAkWaFqdUhGbAY+IieEns=,h+6fBmMa7wOGXtZCc6ICH8bS0EI=
-1584,60,NsyWBAkAkWaFqdUhGbAY+IieEns=,h+6fBmMa7wOGXtZCc6ICH8bS0EI=
-1571,54,NsyWBAkAkWaFqdUhGbAY+IieEns=,h+6fBmMa7wOGXtZCc6ICH8bS0EI=
-1575,55,NsyWBAkAkWaFqdUhGbAY+IieEns=,h+6fBmMa7wOGXtZCc6ICH8bS0EI=
-1582,59,NsyWBAkAkWaFqdUhGbAY+IieEns=,h+6fBmMa7wOGXtZCc6ICH8bS0EI=
-1581,58,NsyWBAkAkWaFqdUhGbAY+IieEns=,h+6fBmMa7wOGXtZCc6ICH8bS0EI=
-1574,54,NsyWBAkAkWaFqdUhGbAY+IieEns=,h+6fBmMa7wOGXtZCc6ICH8bS0EI=
-1577,54,NsyWBAkAkWaFqdUhGbAY+IieEns=,h+6fBmMa7wOGXtZCc6ICH8bS0EI=
-1578,54,NsyWBAkAkWaFqdUhGbAY+IieEns=,h+6fBmMa7wOGXtZCc6ICH8bS0EI=
-1580,54,NsyWBAkAkWaFqdUhGbAY+IieEns=,h+6fBmMa7wOGXtZCc6ICH8bS0EI=
-1579,54,NsyWBAkAkWaFqdUhGbAY+IieEns=,h+6fBmMa7wOGXtZCc6ICH8bS0EI=
-1576,55,NsyWBAkAkWaFqdUhGbAY+IieEns=,h+6fBmMa7wOGXtZCc6ICH8bS0EI=
-1583,56,NsyWBAkAkWaFqdUhGbAY+IieEns=,h+6fBmMa7wOGXtZCc6ICH8bS0EI=
-1570,53,NsyWBAkAkWaFqdUhGbAY+IieEns=,h+6fBmMa7wOGXtZCc6ICH8bS0EI=
-1582,56,NsyWBAkAkWaFqdUhGbAY+IieEns=,h+6fBmMa7wOGXtZCc6ICH8bS0EI=
-1571,53,NsyWBAkAkWaFqdUhGbAY+IieEns=,h+6fBmMa7wOGXtZCc6ICH8bS0EI=
-1569,53,NsyWBAkAkWaFqdUhGbAY+IieEns=,h+6fBmMa7wOGXtZCc6ICH8bS0EI=
-1572,53,NsyWBAkAkWaFqdUhGbAY+IieEns=,h+6fBmMa7wOGXtZCc6ICH8bS0EI=
-1574,55,NsyWBAkAkWaFqdUhGbAY+IieEns=,h+6fBmMa7wOGXtZCc6ICH8bS0EI=
-1575,53,NsyWBAkAkWaFqdUhGbAY+IieEns=,h+6fBmMa7wOGXtZCc6ICH8bS0EI=
-1573,55,NsyWBAkAkWaFqdUhGbAY+IieEns=,h+6fBmMa7wOGXtZCc6ICH8bS0EI=
-1581,57,NsyWBAkAkWaFqdUhGbAY+IieEns=,h+6fBmMa7wOGXtZCc6ICH8bS0EI=
-1583,54,NsyWBAkAkWaFqdUhGbAY+IieEns=,h+6fBmMa7wOGXtZCc6ICH8bS0EI=
-1582,57,NsyWBAkAkWaFqdUhGbAY+IieEns=,h+6fBmMa7wOGXtZCc6ICH8bS0EI=
-1577,53,NsyWBAkAkWaFqdUhGbAY+IieEns=,h+6fBmMa7wOGXtZCc6ICH8bS0EI=
-1579,53,NsyWBAkAkWaFqdUhGbAY+IieEns=,h+6fBmMa7wOGXtZCc6ICH8bS0EI=
-1578,53,NsyWBAkAkWaFqdUhGbAY+IieEns=,h+6fBmMa7wOGXtZCc6ICH8bS0EI=
-1580,53,NsyWBAkAkWaFqdUhGbAY+IieEns=,h+6fBmMa7wOGXtZCc6ICH8bS0EI=
-1579,48,NsyWBAkAkWaFqdUhGbAY+IieEns=,h+6fBmMa7wOGXtZCc6ICH8bS0EI=
-1582,55,NsyWBAkAkWaFqdUhGbAY+IieEns=,h+6fBmMa7wOGXtZCc6ICH8bS0EI=
-1575,54,NsyWBAkAkWaFqdUhGbAY+IieEns=,h+6fBmMa7wOGXtZCc6ICH8bS0EI=
-1570,52,NsyWBAkAkWaFqdUhGbAY+IieEns=,h+6fBmMa7wOGXtZCc6ICH8bS0EI=
-1569,52,NsyWBAkAkWaFqdUhGbAY+IieEns=,h+6fBmMa7wOGXtZCc6ICH8bS0EI=
-1581,56,NsyWBAkAkWaFqdUhGbAY+IieEns=,h+6fBmMa7wOGXtZCc6ICH8bS0EI=
-1571,52,NsyWBAkAkWaFqdUhGbAY+IieEns=,h+6fBmMa7wOGXtZCc6ICH8bS0EI=
-1572,52,NsyWBAkAkWaFqdUhGbAY+IieEns=,h+6fBmMa7wOGXtZCc6ICH8bS0EI=
-1584,55,NsyWBAkAkWaFqdUhGbAY+IieEns=,h+6fBmMa7wOGXtZCc6ICH8bS0EI=
-1584,53,NsyWBAkAkWaFqdUhGbAY+IieEns=,h+6fBmMa7wOGXtZCc6ICH8bS0EI=
-1584,54,NsyWBAkAkWaFqdUhGbAY+IieEns=,h+6fBmMa7wOGXtZCc6ICH8bS0EI=
-1577,52,NsyWBAkAkWaFqdUhGbAY+IieEns=,h+6fBmMa7wOGXtZCc6ICH8bS0EI=
-1579,52,NsyWBAkAkWaFqdUhGbAY+IieEns=,h+6fBmMa7wOGXtZCc6ICH8bS0EI=
-1575,52,NsyWBAkAkWaFqdUhGbAY+IieEns=,h+6fBmMa7wOGXtZCc6ICH8bS0EI=
-1578,52,NsyWBAkAkWaFqdUhGbAY+IieEns=,h+6fBmMa7wOGXtZCc6ICH8bS0EI=
-1584,56,NsyWBAkAkWaFqdUhGbAY+IieEns=,h+6fBmMa7wOGXtZCc6ICH8bS0EI=
-1580,52,NsyWBAkAkWaFqdUhGbAY+IieEns=,h+6fBmMa7wOGXtZCc6ICH8bS0EI=
-1582,53,NsyWBAkAkWaFqdUhGbAY+IieEns=,h+6fBmMa7wOGXtZCc6ICH8bS0EI=
-1583,55,NsyWBAkAkWaFqdUhGbAY+IieEns=,h+6fBmMa7wOGXtZCc6ICH8bS0EI=
-1576,54,NsyWBAkAkWaFqdUhGbAY+IieEns=,h+6fBmMa7wOGXtZCc6ICH8bS0EI=
-1581,55,NsyWBAkAkWaFqdUhGbAY+IieEns=,h+6fBmMa7wOGXtZCc6ICH8bS0EI=
-1574,53,NsyWBAkAkWaFqdUhGbAY+IieEns=,h+6fBmMa7wOGXtZCc6ICH8bS0EI=
-1583,53,NsyWBAkAkWaFqdUhGbAY+IieEns=,h+6fBmMa7wOGXtZCc6ICH8bS0EI=
-1573,53,NsyWBAkAkWaFqdUhGbAY+IieEns=,h+6fBmMa7wOGXtZCc6ICH8bS0EI=
-1570,51,NsyWBAkAkWaFqdUhGbAY+IieEns=,h+6fBmMa7wOGXtZCc6ICH8bS0EI=
-1582,52,NsyWBAkAkWaFqdUhGbAY+IieEns=,h+6fBmMa7wOGXtZCc6ICH8bS0EI=
-1571,51,NsyWBAkAkWaFqdUhGbAY+IieEns=,h+6fBmMa7wOGXtZCc6ICH8bS0EI=
-1576,53,NsyWBAkAkWaFqdUhGbAY+IieEns=,h+6fBmMa7wOGXtZCc6ICH8bS0EI=
-1572,51,NsyWBAkAkWaFqdUhGbAY+IieEns=,h+6fBmMa7wOGXtZCc6ICH8bS0EI=
-1582,54,NsyWBAkAkWaFqdUhGbAY+IieEns=,h+6fBmMa7wOGXtZCc6ICH8bS0EI=
-1584,52,NsyWBAkAkWaFqdUhGbAY+IieEns=,h+6fBmMa7wOGXtZCc6ICH8bS0EI=
-1573,54,NsyWBAkAkWaFqdUhGbAY+IieEns=,h+6fBmMa7wOGXtZCc6ICH8bS0EI=
-1576,51,NsyWBAkAkWaFqdUhGbAY+IieEns=,h+6fBmMa7wOGXtZCc6ICH8bS0EI=
-1578,51,NsyWBAkAkWaFqdUhGbAY+IieEns=,h+6fBmMa7wOGXtZCc6ICH8bS0EI=
-1581,54,NsyWBAkAkWaFqdUhGbAY+IieEns=,h+6fBmMa7wOGXtZCc6ICH8bS0EI=
-1574,52,NsyWBAkAkWaFqdUhGbAY+IieEns=,h+6fBmMa7wOGXtZCc6ICH8bS0EI=
-1576,52,NsyWBAkAkWaFqdUhGbAY+IieEns=,h+6fBmMa7wOGXtZCc6ICH8bS0EI=
-1572,50,NsyWBAkAkWaFqdUhGbAY+IieEns=,h+6fBmMa7wOGXtZCc6ICH8bS0EI=
-1574,51,NsyWBAkAkWaFqdUhGbAY+IieEns=,h+6fBmMa7wOGXtZCc6ICH8bS0EI=
-1575,51,NsyWBAkAkWaFqdUhGbAY+IieEns=,h+6fBmMa7wOGXtZCc6ICH8bS0EI=
-1583,52,NsyWBAkAkWaFqdUhGbAY+IieEns=,h+6fBmMa7wOGXtZCc6ICH8bS0EI=
-1583,51,NsyWBAkAkWaFqdUhGbAY+IieEns=,h+6fBmMa7wOGXtZCc6ICH8bS0EI=
-1575,50,NsyWBAkAkWaFqdUhGbAY+IieEns=,h+6fBmMa7wOGXtZCc6ICH8bS0EI=
-1576,50,NsyWBAkAkWaFqdUhGbAY+IieEns=,h+6fBmMa7wOGXtZCc6ICH8bS0EI=
-1578,48,NsyWBAkAkWaFqdUhGbAY+IieEns=,h+6fBmMa7wOGXtZCc6ICH8bS0EI=
-1573,52,NsyWBAkAkWaFqdUhGbAY+IieEns=,h+6fBmMa7wOGXtZCc6ICH8bS0EI=
-1581,53,NsyWBAkAkWaFqdUhGbAY+IieEns=,h+6fBmMa7wOGXtZCc6ICH8bS0EI=
-1581,51,NsyWBAkAkWaFqdUhGbAY+IieEns=,h+6fBmMa7wOGXtZCc6ICH8bS0EI=
-1582,50,NsyWBAkAkWaFqdUhGbAY+IieEns=,h+6fBmMa7wOGXtZCc6ICH8bS0EI=
-1573,50,NsyWBAkAkWaFqdUhGbAY+IieEns=,h+6fBmMa7wOGXtZCc6ICH8bS0EI=
-1584,57,NsyWBAkAkWaFqdUhGbAY+IieEns=,h+6fBmMa7wOGXtZCc6ICH8bS0EI=
-1581,52,NsyWBAkAkWaFqdUhGbAY+IieEns=,h+6fBmMa7wOGXtZCc6ICH8bS0EI=
-1579,51,NsyWBAkAkWaFqdUhGbAY+IieEns=,h+6fBmMa7wOGXtZCc6ICH8bS0EI=
-1583,57,NsyWBAkAkWaFqdUhGbAY+IieEns=,h+6fBmMa7wOGXtZCc6ICH8bS0EI=
-1578,50,NsyWBAkAkWaFqdUhGbAY+IieEns=,h+6fBmMa7wOGXtZCc6ICH8bS0EI=
-1571,50,NsyWBAkAkWaFqdUhGbAY+IieEns=,h+6fBmMa7wOGXtZCc6ICH8bS0EI=
-1573,51,NsyWBAkAkWaFqdUhGbAY+IieEns=,h+6fBmMa7wOGXtZCc6ICH8bS0EI=
-1574,50,NsyWBAkAkWaFqdUhGbAY+IieEns=,h+6fBmMa7wOGXtZCc6ICH8bS0EI=
-1573,49,NsyWBAkAkWaFqdUhGbAY+IieEns=,h+6fBmMa7wOGXtZCc6ICH8bS0EI=
-1576,49,NsyWBAkAkWaFqdUhGbAY+IieEns=,h+6fBmMa7wOGXtZCc6ICH8bS0EI=
-1577,51,NsyWBAkAkWaFqdUhGbAY+IieEns=,h+6fBmMa7wOGXtZCc6ICH8bS0EI=
-1584,50,NsyWBAkAkWaFqdUhGbAY+IieEns=,h+6fBmMa7wOGXtZCc6ICH8bS0EI=
-1582,51,NsyWBAkAkWaFqdUhGbAY+IieEns=,h+6fBmMa7wOGXtZCc6ICH8bS0EI=
-1584,51,NsyWBAkAkWaFqdUhGbAY+IieEns=,h+6fBmMa7wOGXtZCc6ICH8bS0EI=
-1569,51,NsyWBAkAkWaFqdUhGbAY+IieEns=,h+6fBmMa7wOGXtZCc6ICH8bS0EI=
-1582,49,NsyWBAkAkWaFqdUhGbAY+IieEns=,h+6fBmMa7wOGXtZCc6ICH8bS0EI=
-1577,49,NsyWBAkAkWaFqdUhGbAY+IieEns=,h+6fBmMa7wOGXtZCc6ICH8bS0EI=
-1584,58,NsyWBAkAkWaFqdUhGbAY+IieEns=,h+6fBmMa7wOGXtZCc6ICH8bS0EI=
-1583,50,NsyWBAkAkWaFqdUhGbAY+IieEns=,h+6fBmMa7wOGXtZCc6ICH8bS0EI=
-1571,49,NsyWBAkAkWaFqdUhGbAY+IieEns=,h+6fBmMa7wOGXtZCc6ICH8bS0EI=
-1570,49,NsyWBAkAkWaFqdUhGbAY+IieEns=,h+6fBmMa7wOGXtZCc6ICH8bS0EI=
-1581,50,NsyWBAkAkWaFqdUhGbAY+IieEns=,h+6fBmMa7wOGXtZCc6ICH8bS0EI=
-1574,49,NsyWBAkAkWaFqdUhGbAY+IieEns=,h+6fBmMa7wOGXtZCc6ICH8bS0EI=
-1570,50,NsyWBAkAkWaFqdUhGbAY+IieEns=,h+6fBmMa7wOGXtZCc6ICH8bS0EI=
-1583,49,NsyWBAkAkWaFqdUhGbAY+IieEns=,h+6fBmMa7wOGXtZCc6ICH8bS0EI=
-1574,48,NsyWBAkAkWaFqdUhGbAY+IieEns=,h+6fBmMa7wOGXtZCc6ICH8bS0EI=
-1575,49,NsyWBAkAkWaFqdUhGbAY+IieEns=,h+6fBmMa7wOGXtZCc6ICH8bS0EI=
-1581,49,NsyWBAkAkWaFqdUhGbAY+IieEns=,h+6fBmMa7wOGXtZCc6ICH8bS0EI=
-1571,48,NsyWBAkAkWaFqdUhGbAY+IieEns=,h+6fBmMa7wOGXtZCc6ICH8bS0EI=
-1576,48,NsyWBAkAkWaFqdUhGbAY+IieEns=,h+6fBmMa7wOGXtZCc6ICH8bS0EI=
-1572,48,NsyWBAkAkWaFqdUhGbAY+IieEns=,h+6fBmMa7wOGXtZCc6ICH8bS0EI=
-1572,49,NsyWBAkAkWaFqdUhGbAY+IieEns=,h+6fBmMa7wOGXtZCc6ICH8bS0EI=
-1573,48,NsyWBAkAkWaFqdUhGbAY+IieEns=,h+6fBmMa7wOGXtZCc6ICH8bS0EI=
-1569,50,NsyWBAkAkWaFqdUhGbAY+IieEns=,h+6fBmMa7wOGXtZCc6ICH8bS0EI=
-1578,49,NsyWBAkAkWaFqdUhGbAY+IieEns=,h+6fBmMa7wOGXtZCc6ICH8bS0EI=
-1580,50,NsyWBAkAkWaFqdUhGbAY+IieEns=,h+6fBmMa7wOGXtZCc6ICH8bS0EI=
-1577,48,NsyWBAkAkWaFqdUhGbAY+IieEns=,h+6fBmMa7wOGXtZCc6ICH8bS0EI=
-1580,51,NsyWBAkAkWaFqdUhGbAY+IieEns=,h+6fBmMa7wOGXtZCc6ICH8bS0EI=
-1584,49,NsyWBAkAkWaFqdUhGbAY+IieEns=,h+6fBmMa7wOGXtZCc6ICH8bS0EI=
-1579,50,NsyWBAkAkWaFqdUhGbAY+IieEns=,h+6fBmMa7wOGXtZCc6ICH8bS0EI=
-1579,49,NsyWBAkAkWaFqdUhGbAY+IieEns=,h+6fBmMa7wOGXtZCc6ICH8bS0EI=
-1580,49,NsyWBAkAkWaFqdUhGbAY+IieEns=,h+6fBmMa7wOGXtZCc6ICH8bS0EI=
-1570,48,NsyWBAkAkWaFqdUhGbAY+IieEns=,h+6fBmMa7wOGXtZCc6ICH8bS0EI=
-1575,48,NsyWBAkAkWaFqdUhGbAY+IieEns=,h+6fBmMa7wOGXtZCc6ICH8bS0EI=
-1569,49,NsyWBAkAkWaFqdUhGbAY+IieEns=,h+6fBmMa7wOGXtZCc6ICH8bS0EI=
-1577,50,NsyWBAkAkWaFqdUhGbAY+IieEns=,h+6fBmMa7wOGXtZCc6ICH8bS0EI=
-1569,48,NsyWBAkAkWaFqdUhGbAY+IieEns=,h+6fBmMa7wOGXtZCc6ICH8bS0EI=
