1410,1632,XOl8kZetZF1EMtqMOoLf+e/B37s=,DOUbGouySxxR42qJvS/ygnQpDoo=
1409,1632,XOl8kZetZF1EMtqMOoLf+e/B37s=,DOUbGouySxxR42qJvS/ygnQpDoo=
1408,1632,XOl8kZetZF1EMtqMOoLf+e/B37s=,DOUbGouySxxR42qJvS/ygnQpDoo=
1423,1647,XOl8kZetZF1EMtqMOoLf+e/B37s=,DOUbGouySxxR42qJvS/ygnQpDoo=
1422,1647,XOl8kZetZF1EMtqMOoLf+e/B37s=,DOUbGouySxxR42qJvS/ygnQpDoo=
1420,1647,XOl8kZetZF1EMtqMOoLf+e/B37s=,DOUbGouySxxR42qJvS/ygnQpDoo=
1421,1647,XOl8kZetZF1EMtqMOoLf+e/B37s=,DOUbGouySxxR42qJvS/ygnQpDoo=
1418,1647,XOl8kZetZF1EMtqMOoLf+e/B37s=,DOUbGouySxxR42qJvS/ygnQpDoo=
1415,1647,XOl8kZetZF1EMtqMOoLf+e/B37s=,DOUbGouySxxR42qJvS/ygnQpDoo=
1414,1647,XOl8kZetZF1EMtqMOoLf+e/B37s=,DOUbGouySxxR42qJvS/ygnQpDoo=
1413,1647,XOl8kZetZF1EMtqMOoLf+e/B37s=,DOUbGouySxxR42qJvS/ygnQpDoo=
1416,1647,XOl8kZetZF1EMtqMOoLf+e/B37s=,DOUbGouySxxR42qJvS/ygnQpDoo=
1417,1647,XOl8kZetZF1EMtqMOoLf+e/B37s=,DOUbGouySxxR42qJvS/ygnQpDoo=
1419,1647,XOl8kZetZF1EMtqMOoLf+e/B37s=,DOUbGouySxxR42qJvS/ygnQpDoo=
1412,1647,XOl8kZetZF1EMtqMOoLf+e/B37s=,DOUbGouySxxR42qJvS/ygnQpDoo=
1411,1647,XOl8kZetZF1EMtqMOoLf+e/B37s=,DOUbGouySxxR42qJvS/ygnQpDoo=
1410,1647,XOl8kZetZF1EMtqMOoLf+e/B37s=,DOUbGouySxxR42qJvS/ygnQpDoo=
1423,1646,XOl8kZetZF1EMtqMOoLf+e/B37s=,DOUbGouySxxR42qJvS/ygnQpDoo=
1408,1647,XOl8kZetZF1EMtqMOoLf+e/B37s=,DOUbGouySxxR42qJvS/ygnQpDoo=
1409,1647,XOl8kZetZF1EMtqMOoLf+e/B37s=,DOUbGouySxxR42qJvS/ygnQpDoo=
1421,1646,XOl8kZetZF1EMtqMOoLf+e/B37s=,DOUbGouySxxR42qJvS/ygnQpDoo=
1422,1646,XOl8kZetZF1EMtqMOoLf+e/B37s=,DOUbGouySxxR42qJvS/ygnQpDoo=
1419,1646,XOl8kZetZF1EMtqMOoLf+e/B37s=,DOUbGouySxxR42qJvS/ygnQpDoo=
1418,1646,XOl8kZetZF1EMtqMOoLf+e/B37s=,DOUbGouySxxR42qJvS/ygnQpDoo=
1417,1646,XOl8kZetZF1EMtqMOoLf+e/B37s=,DOUbGouySxxR42qJvS/ygnQpDoo=
1420,1646,XOl8kZetZF1EMtqMOoLf+e/B37s=,DOUbGouySxxR42qJvS/ygnQpDoo=
1416,1646,XOl8kZetZF1EMtqMOoLf+e/B37s=,DOUbGouySxxR42qJvS/ygnQpDoo=
1412,1646,XOl8kZetZF1EMtqMOoLf+e/B37s=,DOUbGouySxxR42qJvS/ygnQpDoo=
1413,1646,XOl8kZetZF1EMtqMOoLf+e/B37s=,DOUbGouySxxR42qJvS/ygnQpDoo=
1410,1646,XOl8kZetZF1EMtqMOoLf+e/B37s=,DOUbGouySxxR42qJvS/ygnQpDoo=
1411,1646,XOl8kZetZF1EMtqMOoLf+e/B37s=,DOUbGouySxxR42qJvS/ygnQpDoo=
1414,1646,XOl8kZetZF1EMtqMOoLf+e/B37s=,DOUbGouySxxR42qJvS/ygnQpDoo=
1423,1645,XOl8kZetZF1EMtqMOoLf+e/B37s=,DOUbGouySxxR42qJvS/ygnQpDoo=
1408,1646,XOl8kZetZF1EMtqMOoLf+e/B37s=,DOUbGouySxxR42qJvS/ygnQpDoo=
1415,1646,XOl8kZetZF1EMtqMOoLf+e/B37s=,DOUbGouySxxR42qJvS/ygnQpDoo=
1422,1645,XOl8kZetZF1EMtqMOoLf+e/B37s=,DOUbGouySxxR42qJvS/ygnQpDoo=
1409,1646,XOl8kZetZF1EMtqMOoLf+e/B37s=,DOUbGouySxxR42qJvS/ygnQpDoo=
1420,1645,XOl8kZetZF1EMtqMOoLf+e/B37s=,DOUbGouySxxR42qJvS/ygnQpDoo=
1421,1645,XOl8kZetZF1EMtqMOoLf+e/B37s=,DOUbGouySxxR42qJvS/ygnQpDoo=
1417,1645,XOl8kZetZF1EMtqMOoLf+e/B37s=,DOUbGouySxxR42qJvS/ygnQpDoo=
1418,1645,XOl8kZetZF1EMtqMOoLf+e/B37s=,DOUbGouySxxR42qJvS/ygnQpDoo=
1419,1645,XOl8kZetZF1EMtqMOoLf+e/B37s=,DOUbGouySxxR42qJvS/ygnQpDoo=
1416,1645,XOl8kZetZF1EMtqMOoLf+e/B37s=,DOUbGouySxxR42qJvS/ygnQpDoo=
1415,1645,XOl8kZetZF1EMtqMOoLf+e/B37s=,DOUbGouySxxR42qJvS/ygnQpDoo=
1414,1645,XOl8kZetZF1EMtqMOoLf+e/B37s=,DOUbGouySxxR42qJvS/ygnQpDoo=
1411,1645,XOl8kZetZF1EMtqMOoLf+e/B37s=,DOUbGouySxxR42qJvS/ygnQpDoo=
1412,1645,XOl8kZetZF1EMtqMOoLf+e/B37s=,DOUbGouySxxR42qJvS/ygnQpDoo=
1413,1645,XOl8kZetZF1EMtqMOoLf+e/B37s=,DOUbGouySxxR42qJvS/ygnQpDoo=
1410,1645,XOl8kZetZF1EMtqMOoLf+e/B37s=,DOUbGouySxxR42qJvS/ygnQpDoo=
1409,1645,XOl8kZetZF1EMtqMOoLf+e/B37s=,DOUbGouySxxR42qJvS/ygnQpDoo=
1408,1645,XOl8kZetZF1EMtqMOoLf+e/B37s=,DOUbGouySxxR42qJvS/ygnQpDoo=
1423,1644,XOl8kZetZF1EMtqMOoLf+e/B37s=,DOUbGouySxxR42qJvS/ygnQpDoo=
1421,1644,XOl8kZetZF1EMtqMOoLf+e/B37s=,DOUbGouySxxR42qJvS/ygnQpDoo=
1420,1644,XOl8kZetZF1EMtqMOoLf+e/B37s=,DOUbGouySxxR42qJvS/ygnQpDoo=
1422,1644,XOl8kZetZF1EMtqMOoLf+e/B37s=,DOUbGouySxxR42qJvS/ygnQpDoo=
1416,1644,XOl8kZetZF1EMtqMOoLf+e/B37s=,DOUbGouySxxR42qJvS/ygnQpDoo=
1418,1644,XOl8kZetZF1EMtqMOoLf+e/B37s=,DOUbGouySxxR42qJvS/ygnQpDoo=
1417,1644,XOl8kZetZF1EMtqMOoLf+e/B37s=,DOUbGouySxxR42qJvS/ygnQpDoo=
1414,1644,XOl8kZetZF1EMtqMOoLf+e/B37s=,DOUbGouySxxR42qJvS/ygnQpDoo=
1415,1644,XOl8kZetZF1EMtqMOoLf+e/B37s=,DOUbGouySxxR42qJvS/ygnQpDoo=
1412,1644,XOl8kZetZF1EMtqMOoLf+e/B37s=,DOUbGouySxxR42qJvS/ygnQpDoo=
1419,1644,XOl8kZetZF1EMtqMOoLf+e/B37s=,DOUbGouySxxR42qJvS/ygnQpDoo=
1413,1644,XOl8kZetZF1EMtqMOoLf+e/B37s=,DOUbGouySxxR42qJvS/ygnQpDoo=
1410,1644,XOl8kZetZF1EMtqMOoLf+e/B37s=,DOUbGouySxxR42qJvS/ygnQpDoo=
1411,1644,XOl8kZetZF1EMtqMOoLf+e/B37s=,DOUbGouySxxR42qJvS/ygnQpDoo=
1422,1643,XOl8kZetZF1EMtqMOoLf+e/B37s=,DOUbGouySxxR42qJvS/ygnQpDoo=
1409,1644,XOl8kZetZF1EMtqMOoLf+e/B37s=,DOUbGouySxxR42qJvS/ygnQpDoo=
1423,1643,XOl8kZetZF1EMtqMOoLf+e/B37s=,DOUbGouySxxR42qJvS/ygnQpDoo=
1408,1644,XOl8kZetZF1EMtqMOoLf+e/B37s=,DOUbGouySxxR42qJvS/ygnQpDoo=
1420,1643,XOl8kZetZF1EMtqMOoLf+e/B37s=,DOUbGouySxxR42qJvS/ygnQpDoo=
1419,1643,XOl8kZetZF1EMtqMOoLf+e/B37s=,DOUbGouySxxR42qJvS/ygnQpDoo=
1417,1643,XOl8kZetZF1EMtqMOoLf+e/B37s=,DOUbGouySxxR42qJvS/ygnQpDoo=
1418,1643,XOl8kZetZF1EMtqMOoLf+e/B37s=,DOUbGouySxxR42qJvS/ygnQpDoo=
1416,1643,XOl8kZetZF1EMtqMOoLf+e/B37s=,DOUbGouySxxR42qJvS/ygnQpDoo=
1421,1643,XOl8kZetZF1EMtqMOoLf+e/B37s=,DOUbGouySxxR42qJvS/ygnQpDoo=
1413,1643,XOl8kZetZF1EMtqMOoLf+e/B37s=,DOUbGouySxxR42qJvS/ygnQpDoo=
1414,1643,XOl8kZetZF1EMtqMOoLf+e/B37s=,DOUbGouySxxR42qJvS/ygnQpDoo=
1412,1643,XOl8kZetZF1EMtqMOoLf+e/B37s=,DOUbGouySxxR42qJvS/ygnQpDoo=
1411,1643,XOl8kZetZF1EMtqMOoLf+e/B37s=,DOUbGouySxxR42qJvS/ygnQpDoo=
1409,1643,XOl8kZetZF1EMtqMOoLf+e/B37s=,DOUbGouySxxR42qJvS/ygnQpDoo=
1410,1643,XOl8kZetZF1EMtqMOoLf+e/B37s=,DOUbGouySxxR42qJvS/ygnQpDoo=
1415,1643,XOl8kZetZF1EMtqMOoLf+e/B37s=,DOUbGouySxxR42qJvS/ygnQpDoo=
1419,1642,XOl8kZetZF1EMtqMOoLf+e/B37s=,DOUbGouySxxR42qJvS/ygnQpDoo=
1408,1643,XOl8kZetZF1EMtqMOoLf+e/B37s=,DOUbGouySxxR42qJvS/ygnQpDoo=
1420,1642,XOl8kZetZF1EMtqMOoLf+e/B37s=,DOUbGouySxxR42qJvS/ygnQpDoo=
1422,1642,XOl8kZetZF1EMtqMOoLf+e/B37s=,DOUbGouySxxR42qJvS/ygnQpDoo=
1417,1642,XOl8kZetZF1EMtqMOoLf+e/B37s=,DOUbGouySxxR42qJvS/ygnQpDoo=
1423,1642,XOl8kZetZF1EMtqMOoLf+e/B37s=,DOUbGouySxxR42qJvS/ygnQpDoo=
1418,1642,XOl8kZetZF1EMtqMOoLf+e/B37s=,DOUbGouySxxR42qJvS/ygnQpDoo=
1414,1642,XOl8kZetZF1EMtqMOoLf+e/B37s=,DOUbGouySxxR42qJvS/ygnQpDoo=
1421,1642,XOl8kZetZF1EMtqMOoLf+e/B37s=,DOUbGouySxxR42qJvS/ygnQpDoo=
1416,1642,XOl8kZetZF1EMtqMOoLf+e/B37s=,DOUbGouySxxR42qJvS/ygnQpDoo=
1413,1642,XOl8kZetZF1EMtqMOoLf+e/B37s=,DOUbGouySxxR42qJvS/ygnQpDoo=
1415,1642,XOl8kZetZF1EMtqMOoLf+e/B37s=,DOUbGouySxxR42qJvS/ygnQpDoo=
1412,1642,XOl8kZetZF1EMtqMOoLf+e/B37s=,DOUbGouySxxR42qJvS/ygnQpDoo=
1410,1642,XOl8kZetZF1EMtqMOoLf+e/B37s=,DOUbGouySxxR42qJvS/ygnQpDoo=
1409,1642,XOl8kZetZF1EMtqMOoLf+e/B37s=,DOUbGouySxxR42qJvS/ygnQpDoo=
1408,1642,XOl8kZetZF1EMtqMOoLf+e/B37s=,DOUbGouySxxR42qJvS/ygnQpDoo=
1423,1641,XOl8kZetZF1EMtqMOoLf+e/B37s=,DOUbGouySxxR42qJvS/ygnQpDoo=
1411,1642,XOl8kZetZF1EMtqMOoLf+e/B37s=,DOUbGouySxxR42qJvS/ygnQpDoo=
1422,1641,XOl8kZetZF1EMtqMOoLf+e/B37s=,DOUbGouySxxR42qJvS/ygnQpDoo=
1421,1641,XOl8kZetZF1EMtqMOoLf+e/B37s=,DOUbGouySxxR42qJvS/ygnQpDoo=
1415,1641,XOl8kZetZF1EMtqMOoLf+e/B37s=,DOUbGouySxxR42qJvS/ygnQpDoo=
1420,1641,XOl8kZetZF1EMtqMOoLf+e/B37s=,DOUbGouySxxR42qJvS/ygnQpDoo=
1418,1641,XOl8kZetZF1EMtqMOoLf+e/B37s=,DOUbGouySxxR42qJvS/ygnQpDoo=
1416,1641,XOl8kZetZF1EMtqMOoLf+e/B37s=,DOUbGouySxxR42qJvS/ygnQpDoo=
1414,1641,XOl8kZetZF1EMtqMOoLf+e/B37s=,DOUbGouySxxR42qJvS/ygnQpDoo=
1419,1641,XOl8kZetZF1EMtqMOoLf+e/B37s=,DOUbGouySxxR42qJvS/ygnQpDoo=
1413,1641,XOl8kZetZF1EMtqMOoLf+e/B37s=,DOUbGouySxxR42qJvS/ygnQpDoo=
1411,1641,XOl8kZetZF1EMtqMOoLf+e/B37s=,DOUbGouySxxR42qJvS/ygnQpDoo=
1410,1641,XOl8kZetZF1EMtqMOoLf+e/B37s=,DOUbGouySxxR42qJvS/ygnQpDoo=
1412,1641,XOl8kZetZF1EMtqMOoLf+e/B37s=,DOUbGouySxxR42qJvS/ygnQpDoo=
1423,1640,XOl8kZetZF1EMtqMOoLf+e/B37s=,DOUbGouySxxR42qJvS/ygnQpDoo=
1409,1641,XOl8kZetZF1EMtqMOoLf+e/B37s=,DOUbGouySxxR42qJvS/ygnQpDoo=
1418,1640,XOl8kZetZF1EMtqMOoLf+e/B37s=,DOUbGouySxxR42qJvS/ygnQpDoo=
1421,1640,XOl8kZetZF1EMtqMOoLf+e/B37s=,DOUbGouySxxR42qJvS/ygnQpDoo=
1419,1640,XOl8kZetZF1EMtqMOoLf+e/B37s=,DOUbGouySxxR42qJvS/ygnQpDoo=
1408,1641,XOl8kZetZF1EMtqMOoLf+e/B37s=,DOUbGouySxxR42qJvS/ygnQpDoo=
1417,1641,XOl8kZetZF1EMtqMOoLf+e/B37s=,DOUbGouySxxR42qJvS/ygnQpDoo=
1422,1640,XOl8kZetZF1EMtqMOoLf+e/B37s=,DOUbGouySxxR42qJvS/ygnQpDoo=
1414,1640,XOl8kZetZF1EMtqMOoLf+e/B37s=,DOUbGouySxxR42qJvS/ygnQpDoo=
1411,1640,XOl8kZetZF1EMtqMOoLf+e/B37s=,DOUbGouySxxR42qJvS/ygnQpDoo=
1415,1640,XOl8kZetZF1EMtqMOoLf+e/B37s=,DOUbGouySxxR42qJvS/ygnQpDoo=
1413,1640,XOl8kZetZF1EMtqMOoLf+e/B37s=,DOUbGouySxxR42qJvS/ygnQpDoo=
1420,1640,XOl8kZetZF1EMtqMOoLf+e/B37s=,DOUbGouySxxR42qJvS/ygnQpDoo=
1412,1640,XOl8kZetZF1EMtqMOoLf+e/B37s=,DOUbGouySxxR42qJvS/ygnQpDoo=
1417,1640,XOl8kZetZF1EMtqMOoLf+e/B37s=,DOUbGouySxxR42qJvS/ygnQpDoo=
1408,1640,XOl8kZetZF1EMtqMOoLf+e/B37s=,DOUbGouySxxR42qJvS/ygnQpDoo=
1410,1640,XOl8kZetZF1EMtqMOoLf+e/B37s=,DOUbGouySxxR42qJvS/ygnQpDoo=
1409,1640,XOl8kZetZF1EMtqMOoLf+e/B37s=,DOUbGouySxxR42qJvS/ygnQpDoo=
1421,1639,XOl8kZetZF1EMtqMOoLf+e/B37s=,DOUbGouySxxR42qJvS/ygnQpDoo=
1422,1639,XOl8kZetZF1EMtqMOoLf+e/B37s=,DOUbGouySxxR42qJvS/ygnQpDoo=
1420,1639,XOl8kZetZF1EMtqMOoLf+e/B37s=,DOUbGouySxxR42qJvS/ygnQpDoo=
1419,1639,XOl8kZetZF1EMtqMOoLf+e/B37s=,DOUbGouySxxR42qJvS/ygnQpDoo=
1418,1639,XOl8kZetZF1EMtqMOoLf+e/B37s=,DOUbGouySxxR42qJvS/ygnQpDoo=
1423,1639,XOl8kZetZF1EMtqMOoLf+e/B37s=,DOUbGouySxxR42qJvS/ygnQpDoo=
1416,1640,XOl8kZetZF1EMtqMOoLf+e/B37s=,DOUbGouySxxR42qJvS/ygnQpDoo=
1417,1639,XOl8kZetZF1EMtqMOoLf+e/B37s=,DOUbGouySxxR42qJvS/ygnQpDoo=
1415,1639,XOl8kZetZF1EMtqMOoLf+e/B37s=,DOUbGouySxxR42qJvS/ygnQpDoo=
1412,1639,XOl8kZetZF1EMtqMOoLf+e/B37s=,DOUbGouySxxR42qJvS/ygnQpDoo=
1413,1639,XOl8kZetZF1EMtqMOoLf+e/B37s=,DOUbGouySxxR42qJvS/ygnQpDoo=
1409,1639,XOl8kZetZF1EMtqMOoLf+e/B37s=,DOUbGouySxxR42qJvS/ygnQpDoo=
1417,1638,XOl8kZetZF1EMtqMOoLf+e/B37s=,DOUbGouySxxR42qJvS/ygnQpDoo=
1416,1639,XOl8kZetZF1EMtqMOoLf+e/B37s=,DOUbGouySxxR42qJvS/ygnQpDoo=
1421,1638,XOl8kZetZF1EMtqMOoLf+e/B37s=,DOUbGouySxxR42qJvS/ygnQpDoo=
1419,1638,XOl8kZetZF1EMtqMOoLf+e/B37s=,DOUbGouySxxR42qJvS/ygnQpDoo=
1422,1638,XOl8kZetZF1EMtqMOoLf+e/B37s=,DOUbGouySxxR42qJvS/ygnQpDoo=
1416,1638,XOl8kZetZF1EMtqMOoLf+e/B37s=,DOUbGouySxxR42qJvS/ygnQpDoo=
1418,1638,XOl8kZetZF1EMtqMOoLf+e/B37s=,DOUbGouySxxR42qJvS/ygnQpDoo=
1411,1639,XOl8kZetZF1EMtqMOoLf+e/B37s=,DOUbGouySxxR42qJvS/ygnQpDoo=
1410,1639,XOl8kZetZF1EMtqMOoLf+e/B37s=,DOUbGouySxxR42qJvS/ygnQpDoo=
1414,1638,XOl8kZetZF1EMtqMOoLf+e/B37s=,DOUbGouySxxR42qJvS/ygnQpDoo=
1415,1638,XOl8kZetZF1EMtqMOoLf+e/B37s=,DOUbGouySxxR42qJvS/ygnQpDoo=
1414,1639,XOl8kZetZF1EMtqMOoLf+e/B37s=,DOUbGouySxxR42qJvS/ygnQpDoo=
1408,1639,XOl8kZetZF1EMtqMOoLf+e/B37s=,DOUbGouySxxR42qJvS/ygnQpDoo=
1420,1638,XOl8kZetZF1EMtqMOoLf+e/B37s=,DOUbGouySxxR42qJvS/ygnQpDoo=
1408,1638,XOl8kZetZF1EMtqMOoLf+e/B37s=,DOUbGouySxxR42qJvS/ygnQpDoo=
1411,1638,XOl8kZetZF1EMtqMOoLf+e/B37s=,DOUbGouySxxR42qJvS/ygnQpDoo=
1410,1638,XOl8kZetZF1EMtqMOoLf+e/B37s=,DOUbGouySxxR42qJvS/ygnQpDoo=
1413,1638,XOl8kZetZF1EMtqMOoLf+e/B37s=,DOUbGouySxxR42qJvS/ygnQpDoo=
1412,1638,XOl8kZetZF1EMtqMOoLf+e/B37s=,DOUbGouySxxR42qJvS/ygnQpDoo=
1421,1637,XOl8kZetZF1EMtqMOoLf+e/B37s=,DOUbGouySxxR42qJvS/ygnQpDoo=
1423,1637,XOl8kZetZF1EMtqMOoLf+e/B37s=,DOUbGouySxxR42qJvS/ygnQpDoo=
1420,1637,XOl8kZetZF1EMtqMOoLf+e/B37s=,DOUbGouySxxR42qJvS/ygnQpDoo=
1418,1637,XOl8kZetZF1EMtqMOoLf+e/B37s=,DOUbGouySxxR42qJvS/ygnQpDoo=
1415,1637,XOl8kZetZF1EMtqMOoLf+e/B37s=,DOUbGouySxxR42qJvS/ygnQpDoo=
1417,1637,XOl8kZetZF1EMtqMOoLf+e/B37s=,DOUbGouySxxR42qJvS/ygnQpDoo=
1414,1637,XOl8kZetZF1EMtqMOoLf+e/B37s=,DOUbGouySxxR42qJvS/ygnQpDoo=
1416,1637,XOl8kZetZF1EMtqMOoLf+e/B37s=,DOUbGouySxxR42qJvS/ygnQpDoo=
1419,1637,XOl8kZetZF1EMtqMOoLf+e/B37s=,DOUbGouySxxR42qJvS/ygnQpDoo=
1409,1638,XOl8kZetZF1EMtqMOoLf+e/B37s=,DOUbGouySxxR42qJvS/ygnQpDoo=
1422,1637,XOl8kZetZF1EMtqMOoLf+e/B37s=,DOUbGouySxxR42qJvS/ygnQpDoo=
1412,1637,XOl8kZetZF1EMtqMOoLf+e/B37s=,DOUbGouySxxR42qJvS/ygnQpDoo=
1411,1637,XOl8kZetZF1EMtqMOoLf+e/B37s=,DOUbGouySxxR42qJvS/ygnQpDoo=
1413,1637,XOl8kZetZF1EMtqMOoLf+e/B37s=,DOUbGouySxxR42qJvS/ygnQpDoo=
1410,1637,XOl8kZetZF1EMtqMOoLf+e/B37s=,DOUbGouySxxR42qJvS/ygnQpDoo=
1408,1637,XOl8kZetZF1EMtqMOoLf+e/B37s=,DOUbGouySxxR42qJvS/ygnQpDoo=
1418,1636,XOl8kZetZF1EMtqMOoLf+e/B37s=,DOUbGouySxxR42qJvS/ygnQpDoo=
1421,1636,XOl8kZetZF1EMtqMOoLf+e/B37s=,DOUbGouySxxR42qJvS/ygnQpDoo=
1422,1636,XOl8kZetZF1EMtqMOoLf+e/B37s=,DOUbGouySxxR42qJvS/ygnQpDoo=
1417,1636,XOl8kZetZF1EMtqMOoLf+e/B37s=,DOUbGouySxxR42qJvS/ygnQpDoo=
1419,1636,XOl8kZetZF1EMtqMOoLf+e/B37s=,DOUbGouySxxR42qJvS/ygnQpDoo=
1415,1636,XOl8kZetZF1EMtqMOoLf+e/B37s=,DOUbGouySxxR42qJvS/ygnQpDoo=
1423,1636,XOl8kZetZF1EMtqMOoLf+e/B37s=,DOUbGouySxxR42qJvS/ygnQpDoo=
1414,1636,XOl8kZetZF1EMtqMOoLf+e/B37s=,DOUbGouySxxR42qJvS/ygnQpDoo=
1413,1636,XOl8kZetZF1EMtqMOoLf+e/B37s=,DOUbGouySxxR42qJvS/ygnQpDoo=
1416,1636,XOl8kZetZF1EMtqMOoLf+e/B37s=,DOUbGouySxxR42qJvS/ygnQpDoo=
1412,1636,XOl8kZetZF1EMtqMOoLf+e/B37s=,DOUbGouySxxR42qJvS/ygnQpDoo=
1423,1638,XOl8kZetZF1EMtqMOoLf+e/B37s=,DOUbGouySxxR42qJvS/ygnQpDoo=
1410,1636,XOl8kZetZF1EMtqMOoLf+e/B37s=,DOUbGouySxxR42qJvS/ygnQpDoo=
1411,1636,XOl8kZetZF1EMtqMOoLf+e/B37s=,DOUbGouySxxR42qJvS/ygnQpDoo=
1421,1635,XOl8kZetZF1EMtqMOoLf+e/B37s=,DOUbGouySxxR42qJvS/ygnQpDoo=
1408,1636,XOl8kZetZF1EMtqMOoLf+e/B37s=,DOUbGouySxxR42qJvS/ygnQpDoo=
1419,1635,XOl8kZetZF1EMtqMOoLf+e/B37s=,DOUbGouySxxR42qJvS/ygnQpDoo=
1422,1635,XOl8kZetZF1EMtqMOoLf+e/B37s=,DOUbGouySxxR42qJvS/ygnQpDoo=
1414,1635,XOl8kZetZF1EMtqMOoLf+e/B37s=,DOUbGouySxxR42qJvS/ygnQpDoo=
1420,1635,XOl8kZetZF1EMtqMOoLf+e/B37s=,DOUbGouySxxR42qJvS/ygnQpDoo=
1409,1637,XOl8kZetZF1EMtqMOoLf+e/B37s=,DOUbGouySxxR42qJvS/ygnQpDoo=
1423,1635,XOl8kZetZF1EMtqMOoLf+e/B37s=,DOUbGouySxxR42qJvS/ygnQpDoo=
1416,1635,XOl8kZetZF1EMtqMOoLf+e/B37s=,DOUbGouySxxR42qJvS/ygnQpDoo=
1418,1635,XOl8kZetZF1EMtqMOoLf+e/B37s=,DOUbGouySxxR42qJvS/ygnQpDoo=
1411,1635,XOl8kZetZF1EMtqMOoLf+e/B37s=,DOUbGouySxxR42qJvS/ygnQpDoo=
1412,1635,XOl8kZetZF1EMtqMOoLf+e/B37s=,DOUbGouySxxR42qJvS/ygnQpDoo=
1413,1635,XOl8kZetZF1EMtqMOoLf+e/B37s=,DOUbGouySxxR42qJvS/ygnQpDoo=
1408,1635,XOl8kZetZF1EMtqMOoLf+e/B37s=,DOUbGouySxxR42qJvS/ygnQpDoo=
1421,1634,XOl8kZetZF1EMtqMOoLf+e/B37s=,DOUbGouySxxR42qJvS/ygnQpDoo=
1409,1635,XOl8kZetZF1EMtqMOoLf+e/B37s=,DOUbGouySxxR42qJvS/ygnQpDoo=
1422,1634,XOl8kZetZF1EMtqMOoLf+e/B37s=,DOUbGouySxxR42qJvS/ygnQpDoo=
1417,1634,XOl8kZetZF1EMtqMOoLf+e/B37s=,DOUbGouySxxR42qJvS/ygnQpDoo=
1410,1635,XOl8kZetZF1EMtqMOoLf+e/B37s=,DOUbGouySxxR42qJvS/ygnQpDoo=
1420,1634,XOl8kZetZF1EMtqMOoLf+e/B37s=,DOUbGouySxxR42qJvS/ygnQpDoo=
1415,1634,XOl8kZetZF1EMtqMOoLf+e/B37s=,DOUbGouySxxR42qJvS/ygnQpDoo=
1418,1634,XOl8kZetZF1EMtqMOoLf+e/B37s=,DOUbGouySxxR42qJvS/ygnQpDoo=
1414,1634,XOl8kZetZF1EMtqMOoLf+e/B37s=,DOUbGouySxxR42qJvS/ygnQpDoo=
1411,1634,XOl8kZetZF1EMtqMOoLf+e/B37s=,DOUbGouySxxR42qJvS/ygnQpDoo=
1413,1634,XOl8kZetZF1EMtqMOoLf+e/B37s=,DOUbGouySxxR42qJvS/ygnQpDoo=
1419,1634,XOl8kZetZF1EMtqMOoLf+e/B37s=,DOUbGouySxxR42qJvS/ygnQpDoo=
1416,1634,XOl8kZetZF1EMtqMOoLf+e/B37s=,DOUbGouySxxR42qJvS/ygnQpDoo=
1408,1634,XOl8kZetZF1EMtqMOoLf+e/B37s=,DOUbGouySxxR42qJvS/ygnQpDoo=
1410,1634,XOl8kZetZF1EMtqMOoLf+e/B37s=,DOUbGouySxxR42qJvS/ygnQpDoo=
1409,1634,XOl8kZetZF1EMtqMOoLf+e/B37s=,DOUbGouySxxR42qJvS/ygnQpDoo=
1423,1633,XOl8kZetZF1EMtqMOoLf+e/B37s=,DOUbGouySxxR42qJvS/ygnQpDoo=
1420,1633,XOl8kZetZF1EMtqMOoLf+e/B37s=,DOUbGouySxxR42qJvS/ygnQpDoo=
1419,1633,XOl8kZetZF1EMtqMOoLf+e/B37s=,DOUbGouySxxR42qJvS/ygnQpDoo=
1422,1633,XOl8kZetZF1EMtqMOoLf+e/B37s=,DOUbGouySxxR42qJvS/ygnQpDoo=
1421,1633,XOl8kZetZF1EMtqMOoLf+e/B37s=,DOUbGouySxxR42qJvS/ygnQpDoo=
1412,1634,XOl8kZetZF1EMtqMOoLf+e/B37s=,DOUbGouySxxR42qJvS/ygnQpDoo=
1417,1633,XOl8kZetZF1EMtqMOoLf+e/B37s=,DOUbGouySxxR42qJvS/ygnQpDoo=
1416,1633,XOl8kZetZF1EMtqMOoLf+e/B37s=,DOUbGouySxxR42qJvS/ygnQpDoo=
1418,1633,XOl8kZetZF1EMtqMOoLf+e/B37s=,DOUbGouySxxR42qJvS/ygnQpDoo=
1414,1633,XOl8kZetZF1EMtqMOoLf+e/B37s=,DOUbGouySxxR42qJvS/ygnQpDoo=
1413,1633,XOl8kZetZF1EMtqMOoLf+e/B37s=,DOUbGouySxxR42qJvS/ygnQpDoo=
1412,1633,XOl8kZetZF1EMtqMOoLf+e/B37s=,DOUbGouySxxR42qJvS/ygnQpDoo=
1415,1633,XOl8kZetZF1EMtqMOoLf+e/B37s=,DOUbGouySxxR42qJvS/ygnQpDoo=
1423,1632,XOl8kZetZF1EMtqMOoLf+e/B37s=,DOUbGouySxxR42qJvS/ygnQpDoo=
1410,1633,XOl8kZetZF1EMtqMOoLf+e/B37s=,DOUbGouySxxR42qJvS/ygnQpDoo=
1411,1633,XOl8kZetZF1EMtqMOoLf+e/B37s=,DOUbGouySxxR42qJvS/ygnQpDoo=
1408,1633,XOl8kZetZF1EMtqMOoLf+e/B37s=,DOUbGouySxxR42qJvS/ygnQpDoo=
1422,1632,XOl8kZetZF1EMtqMOoLf+e/B37s=,DOUbGouySxxR42qJvS/ygnQpDoo=
1409,1633,XOl8kZetZF1EMtqMOoLf+e/B37s=,DOUbGouySxxR42qJvS/ygnQpDoo=
1417,1635,XOl8kZetZF1EMtqMOoLf+e/B37s=,DOUbGouySxxR42qJvS/ygnQpDoo=
1421,1632,XOl8kZetZF1EMtqMOoLf+e/B37s=,DOUbGouySxxR42qJvS/ygnQpDoo=
1414,1632,XOl8kZetZF1EMtqMOoLf+e/B37s=,DOUbGouySxxR42qJvS/ygnQpDoo=
1417,1632,XOl8kZetZF1EMtqMOoLf+e/B37s=,DOUbGouySxxR42qJvS/ygnQpDoo=
1419,1632,XOl8kZetZF1EMtqMOoLf+e/B37s=,DOUbGouySxxR42qJvS/ygnQpDoo=
1420,1632,XOl8kZetZF1EMtqMOoLf+e/B37s=,DOUbGouySxxR42qJvS/ygnQpDoo=
1412,1632,XOl8kZetZF1EMtqMOoLf+e/B37s=,DOUbGouySxxR42qJvS/ygnQpDoo=
1413,1632,XOl8kZetZF1EMtqMOoLf+e/B37s=,DOUbGouySxxR42qJvS/ygnQpDoo=
1415,1632,XOl8kZetZF1EMtqMOoLf+e/B37s=,DOUbGouySxxR42qJvS/ygnQpDoo=
1411,1632,XOl8kZetZF1EMtqMOoLf+e/B37s=,DOUbGouySxxR42qJvS/ygnQpDoo=
1418,1632,XOl8kZetZF1EMtqMOoLf+e/B37s=,DOUbGouySxxR42qJvS/ygnQpDoo=
1420,1636,XOl8kZetZF1EMtqMOoLf+e/B37s=,DOUbGouySxxR42qJvS/ygnQpDoo=
1415,1635,XOl8kZetZF1EMtqMOoLf+e/B37s=,DOUbGouySxxR42qJvS/ygnQpDoo=
1416,1632,XOl8kZetZF1EMtqMOoLf+e/B37s=,DOUbGouySxxR42qJvS/ygnQpDoo=
1423,1634,XOl8kZetZF1EMtqMOoLf+e/B37s=,DOUbGouySxxR42qJvS/ygnQpDoo=
1409,1636,XOl8kZetZF1EMtqMOoLf+e/B37s=,DOUbGouySxxR42qJvS/ygnQpDoo=
1426,1633,KGhA3GQWRwxD/tXzoQ3rlHOIC/4=,DOUbGouySxxR42qJvS/ygnQpDoo=
1425,1633,KGhA3GQWRwxD/tXzoQ3rlHOIC/4=,DOUbGouySxxR42qJvS/ygnQpDoo=
1424,1633,KGhA3GQWRwxD/tXzoQ3rlHOIC/4=,DOUbGouySxxR42qJvS/ygnQpDoo=
1424,1632,KGhA3GQWRwxD/tXzoQ3rlHOIC/4=,DOUbGouySxxR42qJvS/ygnQpDoo=
1439,1647,KGhA3GQWRwxD/tXzoQ3rlHOIC/4=,DOUbGouySxxR42qJvS/ygnQpDoo=
1437,1647,KGhA3GQWRwxD/tXzoQ3rlHOIC/4=,DOUbGouySxxR42qJvS/ygnQpDoo=
1436,1647,KGhA3GQWRwxD/tXzoQ3rlHOIC/4=,DOUbGouySxxR42qJvS/ygnQpDoo=
1438,1647,KGhA3GQWRwxD/tXzoQ3rlHOIC/4=,DOUbGouySxxR42qJvS/ygnQpDoo=
1435,1647,KGhA3GQWRwxD/tXzoQ3rlHOIC/4=,DOUbGouySxxR42qJvS/ygnQpDoo=
1427,1633,KGhA3GQWRwxD/tXzoQ3rlHOIC/4=,DOUbGouySxxR42qJvS/ygnQpDoo=
1434,1647,KGhA3GQWRwxD/tXzoQ3rlHOIC/4=,DOUbGouySxxR42qJvS/ygnQpDoo=
1432,1647,KGhA3GQWRwxD/tXzoQ3rlHOIC/4=,DOUbGouySxxR42qJvS/ygnQpDoo=
1433,1647,KGhA3GQWRwxD/tXzoQ3rlHOIC/4=,DOUbGouySxxR42qJvS/ygnQpDoo=
1431,1647,KGhA3GQWRwxD/tXzoQ3rlHOIC/4=,DOUbGouySxxR42qJvS/ygnQpDoo=
1428,1633,KGhA3GQWRwxD/tXzoQ3rlHOIC/4=,DOUbGouySxxR42qJvS/ygnQpDoo=
1430,1647,KGhA3GQWRwxD/tXzoQ3rlHOIC/4=,DOUbGouySxxR42qJvS/ygnQpDoo=
1429,1633,KGhA3GQWRwxD/tXzoQ3rlHOIC/4=,DOUbGouySxxR42qJvS/ygnQpDoo=
1429,1647,KGhA3GQWRwxD/tXzoQ3rlHOIC/4=,DOUbGouySxxR42qJvS/ygnQpDoo=
1428,1647,KGhA3GQWRwxD/tXzoQ3rlHOIC/4=,DOUbGouySxxR42qJvS/ygnQpDoo=
1430,1633,KGhA3GQWRwxD/tXzoQ3rlHOIC/4=,DOUbGouySxxR42qJvS/ygnQpDoo=
1439,1632,KGhA3GQWRwxD/tXzoQ3rlHOIC/4=,DOUbGouySxxR42qJvS/ygnQpDoo=
1427,1647,KGhA3GQWRwxD/tXzoQ3rlHOIC/4=,DOUbGouySxxR42qJvS/ygnQpDoo=
1426,1647,KGhA3GQWRwxD/tXzoQ3rlHOIC/4=,DOUbGouySxxR42qJvS/ygnQpDoo=
1431,1633,KGhA3GQWRwxD/tXzoQ3rlHOIC/4=,DOUbGouySxxR42qJvS/ygnQpDoo=
1424,1647,KGhA3GQWRwxD/tXzoQ3rlHOIC/4=,DOUbGouySxxR42qJvS/ygnQpDoo=
1439,1646,KGhA3GQWRwxD/tXzoQ3rlHOIC/4=,DOUbGouySxxR42qJvS/ygnQpDoo=
1432,1633,KGhA3GQWRwxD/tXzoQ3rlHOIC/4=,DOUbGouySxxR42qJvS/ygnQpDoo=
1425,1647,KGhA3GQWRwxD/tXzoQ3rlHOIC/4=,DOUbGouySxxR42qJvS/ygnQpDoo=
1438,1646,KGhA3GQWRwxD/tXzoQ3rlHOIC/4=,DOUbGouySxxR42qJvS/ygnQpDoo=
1437,1646,KGhA3GQWRwxD/tXzoQ3rlHOIC/4=,DOUbGouySxxR42qJvS/ygnQpDoo=
1436,1646,KGhA3GQWRwxD/tXzoQ3rlHOIC/4=,DOUbGouySxxR42qJvS/ygnQpDoo=
1433,1633,KGhA3GQWRwxD/tXzoQ3rlHOIC/4=,DOUbGouySxxR42qJvS/ygnQpDoo=
1435,1646,KGhA3GQWRwxD/tXzoQ3rlHOIC/4=,DOUbGouySxxR42qJvS/ygnQpDoo=
1433,1646,KGhA3GQWRwxD/tXzoQ3rlHOIC/4=,DOUbGouySxxR42qJvS/ygnQpDoo=
1434,1633,KGhA3GQWRwxD/tXzoQ3rlHOIC/4=,DOUbGouySxxR42qJvS/ygnQpDoo=
1432,1646,KGhA3GQWRwxD/tXzoQ3rlHOIC/4=,DOUbGouySxxR42qJvS/ygnQpDoo=
1435,1633,KGhA3GQWRwxD/tXzoQ3rlHOIC/4=,DOUbGouySxxR42qJvS/ygnQpDoo=
1429,1646,KGhA3GQWRwxD/tXzoQ3rlHOIC/4=,DOUbGouySxxR42qJvS/ygnQpDoo=
1428,1646,KGhA3GQWRwxD/tXzoQ3rlHOIC/4=,DOUbGouySxxR42qJvS/ygnQpDoo=
1431,1646,KGhA3GQWRwxD/tXzoQ3rlHOIC/4=,DOUbGouySxxR42qJvS/ygnQpDoo=
1430,1646,KGhA3GQWRwxD/tXzoQ3rlHOIC/4=,DOUbGouySxxR42qJvS/ygnQpDoo=
1434,1646,KGhA3GQWRwxD/tXzoQ3rlHOIC/4=,DOUbGouySxxR42qJvS/ygnQpDoo=
1438,1632,KGhA3GQWRwxD/tXzoQ3rlHOIC/4=,DOUbGouySxxR42qJvS/ygnQpDoo=
1427,1646,KGhA3GQWRwxD/tXzoQ3rlHOIC/4=,DOUbGouySxxR42qJvS/ygnQpDoo=
1436,1633,KGhA3GQWRwxD/tXzoQ3rlHOIC/4=,DOUbGouySxxR42qJvS/ygnQpDoo=
1426,1646,KGhA3GQWRwxD/tXzoQ3rlHOIC/4=,DOUbGouySxxR42qJvS/ygnQpDoo=
1437,1633,KGhA3GQWRwxD/tXzoQ3rlHOIC/4=,DOUbGouySxxR42qJvS/ygnQpDoo=
1425,1646,KGhA3GQWRwxD/tXzoQ3rlHOIC/4=,DOUbGouySxxR42qJvS/ygnQpDoo=
1424,1646,KGhA3GQWRwxD/tXzoQ3rlHOIC/4=,DOUbGouySxxR42qJvS/ygnQpDoo=
1438,1645,KGhA3GQWRwxD/tXzoQ3rlHOIC/4=,DOUbGouySxxR42qJvS/ygnQpDoo=
1438,1633,KGhA3GQWRwxD/tXzoQ3rlHOIC/4=,DOUbGouySxxR42qJvS/ygnQpDoo=
1437,1645,KGhA3GQWRwxD/tXzoQ3rlHOIC/4=,DOUbGouySxxR42qJvS/ygnQpDoo=
1436,1645,KGhA3GQWRwxD/tXzoQ3rlHOIC/4=,DOUbGouySxxR42qJvS/ygnQpDoo=
1435,1645,KGhA3GQWRwxD/tXzoQ3rlHOIC/4=,DOUbGouySxxR42qJvS/ygnQpDoo=
1434,1645,KGhA3GQWRwxD/tXzoQ3rlHOIC/4=,DOUbGouySxxR42qJvS/ygnQpDoo=
1439,1645,KGhA3GQWRwxD/tXzoQ3rlHOIC/4=,DOUbGouySxxR42qJvS/ygnQpDoo=
1439,1633,KGhA3GQWRwxD/tXzoQ3rlHOIC/4=,DOUbGouySxxR42qJvS/ygnQpDoo=
1433,1645,KGhA3GQWRwxD/tXzoQ3rlHOIC/4=,DOUbGouySxxR42qJvS/ygnQpDoo=
1432,1645,KGhA3GQWRwxD/tXzoQ3rlHOIC/4=,DOUbGouySxxR42qJvS/ygnQpDoo=
1431,1645,KGhA3GQWRwxD/tXzoQ3rlHOIC/4=,DOUbGouySxxR42qJvS/ygnQpDoo=
1424,1634,KGhA3GQWRwxD/tXzoQ3rlHOIC/4=,DOUbGouySxxR42qJvS/ygnQpDoo=
1430,1645,KGhA3GQWRwxD/tXzoQ3rlHOIC/4=,DOUbGouySxxR42qJvS/ygnQpDoo=
1429,1645,KGhA3GQWRwxD/tXzoQ3rlHOIC/4=,DOUbGouySxxR42qJvS/ygnQpDoo=
1428,1645,KGhA3GQWRwxD/tXzoQ3rlHOIC/4=,DOUbGouySxxR42qJvS/ygnQpDoo=
1426,1645,KGhA3GQWRwxD/tXzoQ3rlHOIC/4=,DOUbGouySxxR42qJvS/ygnQpDoo=
1425,1632,KGhA3GQWRwxD/tXzoQ3rlHOIC/4=,DOUbGouySxxR42qJvS/ygnQpDoo=
1427,1645,KGhA3GQWRwxD/tXzoQ3rlHOIC/4=,DOUbGouySxxR42qJvS/ygnQpDoo=
1425,1645,KGhA3GQWRwxD/tXzoQ3rlHOIC/4=,DOUbGouySxxR42qJvS/ygnQpDoo=
1425,1634,KGhA3GQWRwxD/tXzoQ3rlHOIC/4=,DOUbGouySxxR42qJvS/ygnQpDoo=
1439,1644,KGhA3GQWRwxD/tXzoQ3rlHOIC/4=,DOUbGouySxxR42qJvS/ygnQpDoo=
1424,1645,KGhA3GQWRwxD/tXzoQ3rlHOIC/4=,DOUbGouySxxR42qJvS/ygnQpDoo=
1437,1632,KGhA3GQWRwxD/tXzoQ3rlHOIC/4=,DOUbGouySxxR42qJvS/ygnQpDoo=
1438,1644,KGhA3GQWRwxD/tXzoQ3rlHOIC/4=,DOUbGouySxxR42qJvS/ygnQpDoo=
1437,1644,KGhA3GQWRwxD/tXzoQ3rlHOIC/4=,DOUbGouySxxR42qJvS/ygnQpDoo=
1436,1644,KGhA3GQWRwxD/tXzoQ3rlHOIC/4=,DOUbGouySxxR42qJvS/ygnQpDoo=
1435,1644,KGhA3GQWRwxD/tXzoQ3rlHOIC/4=,DOUbGouySxxR42qJvS/ygnQpDoo=
1434,1644,KGhA3GQWRwxD/tXzoQ3rlHOIC/4=,DOUbGouySxxR42qJvS/ygnQpDoo=
1426,1634,KGhA3GQWRwxD/tXzoQ3rlHOIC/4=,DOUbGouySxxR42qJvS/ygnQpDoo=
1433,1644,KGhA3GQWRwxD/tXzoQ3rlHOIC/4=,DOUbGouySxxR42qJvS/ygnQpDoo=
1432,1644,KGhA3GQWRwxD/tXzoQ3rlHOIC/4=,DOUbGouySxxR42qJvS/ygnQpDoo=
1430,1644,KGhA3GQWRwxD/tXzoQ3rlHOIC/4=,DOUbGouySxxR42qJvS/ygnQpDoo=
1431,1644,KGhA3GQWRwxD/tXzoQ3rlHOIC/4=,DOUbGouySxxR42qJvS/ygnQpDoo=
1436,1632,KGhA3GQWRwxD/tXzoQ3rlHOIC/4=,DOUbGouySxxR42qJvS/ygnQpDoo=
1429,1644,KGhA3GQWRwxD/tXzoQ3rlHOIC/4=,DOUbGouySxxR42qJvS/ygnQpDoo=
1427,1634,KGhA3GQWRwxD/tXzoQ3rlHOIC/4=,DOUbGouySxxR42qJvS/ygnQpDoo=
1427,1644,KGhA3GQWRwxD/tXzoQ3rlHOIC/4=,DOUbGouySxxR42qJvS/ygnQpDoo=
1428,1644,KGhA3GQWRwxD/tXzoQ3rlHOIC/4=,DOUbGouySxxR42qJvS/ygnQpDoo=
1425,1644,KGhA3GQWRwxD/tXzoQ3rlHOIC/4=,DOUbGouySxxR42qJvS/ygnQpDoo=
1426,1644,KGhA3GQWRwxD/tXzoQ3rlHOIC/4=,DOUbGouySxxR42qJvS/ygnQpDoo=
1428,1634,KGhA3GQWRwxD/tXzoQ3rlHOIC/4=,DOUbGouySxxR42qJvS/ygnQpDoo=
1424,1644,KGhA3GQWRwxD/tXzoQ3rlHOIC/4=,DOUbGouySxxR42qJvS/ygnQpDoo=
1439,1643,KGhA3GQWRwxD/tXzoQ3rlHOIC/4=,DOUbGouySxxR42qJvS/ygnQpDoo=
1438,1643,KGhA3GQWRwxD/tXzoQ3rlHOIC/4=,DOUbGouySxxR42qJvS/ygnQpDoo=
1437,1643,KGhA3GQWRwxD/tXzoQ3rlHOIC/4=,DOUbGouySxxR42qJvS/ygnQpDoo=
1435,1643,KGhA3GQWRwxD/tXzoQ3rlHOIC/4=,DOUbGouySxxR42qJvS/ygnQpDoo=
1436,1643,KGhA3GQWRwxD/tXzoQ3rlHOIC/4=,DOUbGouySxxR42qJvS/ygnQpDoo=
1429,1634,KGhA3GQWRwxD/tXzoQ3rlHOIC/4=,DOUbGouySxxR42qJvS/ygnQpDoo=
1434,1643,KGhA3GQWRwxD/tXzoQ3rlHOIC/4=,DOUbGouySxxR42qJvS/ygnQpDoo=
1432,1643,KGhA3GQWRwxD/tXzoQ3rlHOIC/4=,DOUbGouySxxR42qJvS/ygnQpDoo=
1433,1643,KGhA3GQWRwxD/tXzoQ3rlHOIC/4=,DOUbGouySxxR42qJvS/ygnQpDoo=
1431,1643,KGhA3GQWRwxD/tXzoQ3rlHOIC/4=,DOUbGouySxxR42qJvS/ygnQpDoo=
1435,1632,KGhA3GQWRwxD/tXzoQ3rlHOIC/4=,DOUbGouySxxR42qJvS/ygnQpDoo=
1430,1643,KGhA3GQWRwxD/tXzoQ3rlHOIC/4=,DOUbGouySxxR42qJvS/ygnQpDoo=
1428,1643,KGhA3GQWRwxD/tXzoQ3rlHOIC/4=,DOUbGouySxxR42qJvS/ygnQpDoo=
1429,1643,KGhA3GQWRwxD/tXzoQ3rlHOIC/4=,DOUbGouySxxR42qJvS/ygnQpDoo=
1430,1634,KGhA3GQWRwxD/tXzoQ3rlHOIC/4=,DOUbGouySxxR42qJvS/ygnQpDoo=
1426,1643,KGhA3GQWRwxD/tXzoQ3rlHOIC/4=,DOUbGouySxxR42qJvS/ygnQpDoo=
1425,1643,KGhA3GQWRwxD/tXzoQ3rlHOIC/4=,DOUbGouySxxR42qJvS/ygnQpDoo=
1424,1643,KGhA3GQWRwxD/tXzoQ3rlHOIC/4=,DOUbGouySxxR42qJvS/ygnQpDoo=
1427,1643,KGhA3GQWRwxD/tXzoQ3rlHOIC/4=,DOUbGouySxxR42qJvS/ygnQpDoo=
1437,1642,KGhA3GQWRwxD/tXzoQ3rlHOIC/4=,DOUbGouySxxR42qJvS/ygnQpDoo=
1431,1634,KGhA3GQWRwxD/tXzoQ3rlHOIC/4=,DOUbGouySxxR42qJvS/ygnQpDoo=
1438,1642,KGhA3GQWRwxD/tXzoQ3rlHOIC/4=,DOUbGouySxxR42qJvS/ygnQpDoo=
1439,1642,KGhA3GQWRwxD/tXzoQ3rlHOIC/4=,DOUbGouySxxR42qJvS/ygnQpDoo=
1436,1642,KGhA3GQWRwxD/tXzoQ3rlHOIC/4=,DOUbGouySxxR42qJvS/ygnQpDoo=
1435,1642,KGhA3GQWRwxD/tXzoQ3rlHOIC/4=,DOUbGouySxxR42qJvS/ygnQpDoo=
1434,1642,KGhA3GQWRwxD/tXzoQ3rlHOIC/4=,DOUbGouySxxR42qJvS/ygnQpDoo=
1433,1642,KGhA3GQWRwxD/tXzoQ3rlHOIC/4=,DOUbGouySxxR42qJvS/ygnQpDoo=
1432,1634,KGhA3GQWRwxD/tXzoQ3rlHOIC/4=,DOUbGouySxxR42qJvS/ygnQpDoo=
1432,1642,KGhA3GQWRwxD/tXzoQ3rlHOIC/4=,DOUbGouySxxR42qJvS/ygnQpDoo=
1434,1632,KGhA3GQWRwxD/tXzoQ3rlHOIC/4=,DOUbGouySxxR42qJvS/ygnQpDoo=
1431,1642,KGhA3GQWRwxD/tXzoQ3rlHOIC/4=,DOUbGouySxxR42qJvS/ygnQpDoo=
1430,1642,KGhA3GQWRwxD/tXzoQ3rlHOIC/4=,DOUbGouySxxR42qJvS/ygnQpDoo=
1429,1642,KGhA3GQWRwxD/tXzoQ3rlHOIC/4=,DOUbGouySxxR42qJvS/ygnQpDoo=
1433,1634,KGhA3GQWRwxD/tXzoQ3rlHOIC/4=,DOUbGouySxxR42qJvS/ygnQpDoo=
1427,1642,KGhA3GQWRwxD/tXzoQ3rlHOIC/4=,DOUbGouySxxR42qJvS/ygnQpDoo=
1428,1642,KGhA3GQWRwxD/tXzoQ3rlHOIC/4=,DOUbGouySxxR42qJvS/ygnQpDoo=
1426,1642,KGhA3GQWRwxD/tXzoQ3rlHOIC/4=,DOUbGouySxxR42qJvS/ygnQpDoo=
1424,1642,KGhA3GQWRwxD/tXzoQ3rlHOIC/4=,DOUbGouySxxR42qJvS/ygnQpDoo=
1439,1641,KGhA3GQWRwxD/tXzoQ3rlHOIC/4=,DOUbGouySxxR42qJvS/ygnQpDoo=
1425,1642,KGhA3GQWRwxD/tXzoQ3rlHOIC/4=,DOUbGouySxxR42qJvS/ygnQpDoo=
1429,1640,KGhA3GQWRwxD/tXzoQ3rlHOIC/4=,DOUbGouySxxR42qJvS/ygnQpDoo=
1428,1640,KGhA3GQWRwxD/tXzoQ3rlHOIC/4=,DOUbGouySxxR42qJvS/ygnQpDoo=
1426,1640,KGhA3GQWRwxD/tXzoQ3rlHOIC/4=,DOUbGouySxxR42qJvS/ygnQpDoo=
1427,1640,KGhA3GQWRwxD/tXzoQ3rlHOIC/4=,DOUbGouySxxR42qJvS/ygnQpDoo=
1425,1640,KGhA3GQWRwxD/tXzoQ3rlHOIC/4=,DOUbGouySxxR42qJvS/ygnQpDoo=
1439,1639,KGhA3GQWRwxD/tXzoQ3rlHOIC/4=,DOUbGouySxxR42qJvS/ygnQpDoo=
1424,1640,KGhA3GQWRwxD/tXzoQ3rlHOIC/4=,DOUbGouySxxR42qJvS/ygnQpDoo=
1438,1639,KGhA3GQWRwxD/tXzoQ3rlHOIC/4=,DOUbGouySxxR42qJvS/ygnQpDoo=
1437,1639,KGhA3GQWRwxD/tXzoQ3rlHOIC/4=,DOUbGouySxxR42qJvS/ygnQpDoo=
1436,1639,KGhA3GQWRwxD/tXzoQ3rlHOIC/4=,DOUbGouySxxR42qJvS/ygnQpDoo=
1435,1639,KGhA3GQWRwxD/tXzoQ3rlHOIC/4=,DOUbGouySxxR42qJvS/ygnQpDoo=
1431,1632,KGhA3GQWRwxD/tXzoQ3rlHOIC/4=,DOUbGouySxxR42qJvS/ygnQpDoo=
1434,1639,KGhA3GQWRwxD/tXzoQ3rlHOIC/4=,DOUbGouySxxR42qJvS/ygnQpDoo=
1433,1639,KGhA3GQWRwxD/tXzoQ3rlHOIC/4=,DOUbGouySxxR42qJvS/ygnQpDoo=
1431,1639,KGhA3GQWRwxD/tXzoQ3rlHOIC/4=,DOUbGouySxxR42qJvS/ygnQpDoo=
1432,1639,KGhA3GQWRwxD/tXzoQ3rlHOIC/4=,DOUbGouySxxR42qJvS/ygnQpDoo=
1430,1639,KGhA3GQWRwxD/tXzoQ3rlHOIC/4=,DOUbGouySxxR42qJvS/ygnQpDoo=
1429,1639,KGhA3GQWRwxD/tXzoQ3rlHOIC/4=,DOUbGouySxxR42qJvS/ygnQpDoo=
1428,1639,KGhA3GQWRwxD/tXzoQ3rlHOIC/4=,DOUbGouySxxR42qJvS/ygnQpDoo=
1427,1639,KGhA3GQWRwxD/tXzoQ3rlHOIC/4=,DOUbGouySxxR42qJvS/ygnQpDoo=
1426,1639,KGhA3GQWRwxD/tXzoQ3rlHOIC/4=,DOUbGouySxxR42qJvS/ygnQpDoo=
1425,1639,KGhA3GQWRwxD/tXzoQ3rlHOIC/4=,DOUbGouySxxR42qJvS/ygnQpDoo=
1424,1639,KGhA3GQWRwxD/tXzoQ3rlHOIC/4=,DOUbGouySxxR42qJvS/ygnQpDoo=
1439,1638,KGhA3GQWRwxD/tXzoQ3rlHOIC/4=,DOUbGouySxxR42qJvS/ygnQpDoo=
1438,1638,KGhA3GQWRwxD/tXzoQ3rlHOIC/4=,DOUbGouySxxR42qJvS/ygnQpDoo=
1437,1638,KGhA3GQWRwxD/tXzoQ3rlHOIC/4=,DOUbGouySxxR42qJvS/ygnQpDoo=
1436,1638,KGhA3GQWRwxD/tXzoQ3rlHOIC/4=,DOUbGouySxxR42qJvS/ygnQpDoo=
1430,1632,KGhA3GQWRwxD/tXzoQ3rlHOIC/4=,DOUbGouySxxR42qJvS/ygnQpDoo=
1435,1638,KGhA3GQWRwxD/tXzoQ3rlHOIC/4=,DOUbGouySxxR42qJvS/ygnQpDoo=
1434,1638,KGhA3GQWRwxD/tXzoQ3rlHOIC/4=,DOUbGouySxxR42qJvS/ygnQpDoo=
1433,1638,KGhA3GQWRwxD/tXzoQ3rlHOIC/4=,DOUbGouySxxR42qJvS/ygnQpDoo=
1432,1638,KGhA3GQWRwxD/tXzoQ3rlHOIC/4=,DOUbGouySxxR42qJvS/ygnQpDoo=
1431,1638,KGhA3GQWRwxD/tXzoQ3rlHOIC/4=,DOUbGouySxxR42qJvS/ygnQpDoo=
1430,1638,KGhA3GQWRwxD/tXzoQ3rlHOIC/4=,DOUbGouySxxR42qJvS/ygnQpDoo=
1437,1641,KGhA3GQWRwxD/tXzoQ3rlHOIC/4=,DOUbGouySxxR42qJvS/ygnQpDoo=
1428,1638,KGhA3GQWRwxD/tXzoQ3rlHOIC/4=,DOUbGouySxxR42qJvS/ygnQpDoo=
1429,1638,KGhA3GQWRwxD/tXzoQ3rlHOIC/4=,DOUbGouySxxR42qJvS/ygnQpDoo=
1427,1638,KGhA3GQWRwxD/tXzoQ3rlHOIC/4=,DOUbGouySxxR42qJvS/ygnQpDoo=
1426,1638,KGhA3GQWRwxD/tXzoQ3rlHOIC/4=,DOUbGouySxxR42qJvS/ygnQpDoo=
1424,1638,KGhA3GQWRwxD/tXzoQ3rlHOIC/4=,DOUbGouySxxR42qJvS/ygnQpDoo=
1425,1638,KGhA3GQWRwxD/tXzoQ3rlHOIC/4=,DOUbGouySxxR42qJvS/ygnQpDoo=
1438,1637,KGhA3GQWRwxD/tXzoQ3rlHOIC/4=,DOUbGouySxxR42qJvS/ygnQpDoo=
1439,1637,KGhA3GQWRwxD/tXzoQ3rlHOIC/4=,DOUbGouySxxR42qJvS/ygnQpDoo=
1429,1632,KGhA3GQWRwxD/tXzoQ3rlHOIC/4=,DOUbGouySxxR42qJvS/ygnQpDoo=
1437,1637,KGhA3GQWRwxD/tXzoQ3rlHOIC/4=,DOUbGouySxxR42qJvS/ygnQpDoo=
1436,1637,KGhA3GQWRwxD/tXzoQ3rlHOIC/4=,DOUbGouySxxR42qJvS/ygnQpDoo=
1434,1637,KGhA3GQWRwxD/tXzoQ3rlHOIC/4=,DOUbGouySxxR42qJvS/ygnQpDoo=
1435,1637,KGhA3GQWRwxD/tXzoQ3rlHOIC/4=,DOUbGouySxxR42qJvS/ygnQpDoo=
1431,1637,KGhA3GQWRwxD/tXzoQ3rlHOIC/4=,DOUbGouySxxR42qJvS/ygnQpDoo=
1432,1637,KGhA3GQWRwxD/tXzoQ3rlHOIC/4=,DOUbGouySxxR42qJvS/ygnQpDoo=
1433,1637,KGhA3GQWRwxD/tXzoQ3rlHOIC/4=,DOUbGouySxxR42qJvS/ygnQpDoo=
1429,1637,KGhA3GQWRwxD/tXzoQ3rlHOIC/4=,DOUbGouySxxR42qJvS/ygnQpDoo=
1430,1637,KGhA3GQWRwxD/tXzoQ3rlHOIC/4=,DOUbGouySxxR42qJvS/ygnQpDoo=
1428,1637,KGhA3GQWRwxD/tXzoQ3rlHOIC/4=,DOUbGouySxxR42qJvS/ygnQpDoo=
1438,1641,KGhA3GQWRwxD/tXzoQ3rlHOIC/4=,DOUbGouySxxR42qJvS/ygnQpDoo=
1427,1637,KGhA3GQWRwxD/tXzoQ3rlHOIC/4=,DOUbGouySxxR42qJvS/ygnQpDoo=
1425,1637,KGhA3GQWRwxD/tXzoQ3rlHOIC/4=,DOUbGouySxxR42qJvS/ygnQpDoo=
1426,1637,KGhA3GQWRwxD/tXzoQ3rlHOIC/4=,DOUbGouySxxR42qJvS/ygnQpDoo=
1439,1636,KGhA3GQWRwxD/tXzoQ3rlHOIC/4=,DOUbGouySxxR42qJvS/ygnQpDoo=
1424,1637,KGhA3GQWRwxD/tXzoQ3rlHOIC/4=,DOUbGouySxxR42qJvS/ygnQpDoo=
1438,1636,KGhA3GQWRwxD/tXzoQ3rlHOIC/4=,DOUbGouySxxR42qJvS/ygnQpDoo=
1428,1632,KGhA3GQWRwxD/tXzoQ3rlHOIC/4=,DOUbGouySxxR42qJvS/ygnQpDoo=
1437,1636,KGhA3GQWRwxD/tXzoQ3rlHOIC/4=,DOUbGouySxxR42qJvS/ygnQpDoo=
1435,1636,KGhA3GQWRwxD/tXzoQ3rlHOIC/4=,DOUbGouySxxR42qJvS/ygnQpDoo=
1434,1636,KGhA3GQWRwxD/tXzoQ3rlHOIC/4=,DOUbGouySxxR42qJvS/ygnQpDoo=
1436,1636,KGhA3GQWRwxD/tXzoQ3rlHOIC/4=,DOUbGouySxxR42qJvS/ygnQpDoo=
1432,1636,KGhA3GQWRwxD/tXzoQ3rlHOIC/4=,DOUbGouySxxR42qJvS/ygnQpDoo=
1433,1636,KGhA3GQWRwxD/tXzoQ3rlHOIC/4=,DOUbGouySxxR42qJvS/ygnQpDoo=
1431,1636,KGhA3GQWRwxD/tXzoQ3rlHOIC/4=,DOUbGouySxxR42qJvS/ygnQpDoo=
1429,1636,KGhA3GQWRwxD/tXzoQ3rlHOIC/4=,DOUbGouySxxR42qJvS/ygnQpDoo=
1430,1636,KGhA3GQWRwxD/tXzoQ3rlHOIC/4=,DOUbGouySxxR42qJvS/ygnQpDoo=
1434,1634,KGhA3GQWRwxD/tXzoQ3rlHOIC/4=,DOUbGouySxxR42qJvS/ygnQpDoo=
1428,1636,KGhA3GQWRwxD/tXzoQ3rlHOIC/4=,DOUbGouySxxR42qJvS/ygnQpDoo=
1427,1636,KGhA3GQWRwxD/tXzoQ3rlHOIC/4=,DOUbGouySxxR42qJvS/ygnQpDoo=
1426,1636,KGhA3GQWRwxD/tXzoQ3rlHOIC/4=,DOUbGouySxxR42qJvS/ygnQpDoo=
1425,1636,KGhA3GQWRwxD/tXzoQ3rlHOIC/4=,DOUbGouySxxR42qJvS/ygnQpDoo=
1424,1636,KGhA3GQWRwxD/tXzoQ3rlHOIC/4=,DOUbGouySxxR42qJvS/ygnQpDoo=
1435,1634,KGhA3GQWRwxD/tXzoQ3rlHOIC/4=,DOUbGouySxxR42qJvS/ygnQpDoo=
1439,1635,KGhA3GQWRwxD/tXzoQ3rlHOIC/4=,DOUbGouySxxR42qJvS/ygnQpDoo=
1427,1632,KGhA3GQWRwxD/tXzoQ3rlHOIC/4=,DOUbGouySxxR42qJvS/ygnQpDoo=
1437,1635,KGhA3GQWRwxD/tXzoQ3rlHOIC/4=,DOUbGouySxxR42qJvS/ygnQpDoo=
1438,1635,KGhA3GQWRwxD/tXzoQ3rlHOIC/4=,DOUbGouySxxR42qJvS/ygnQpDoo=
1436,1634,KGhA3GQWRwxD/tXzoQ3rlHOIC/4=,DOUbGouySxxR42qJvS/ygnQpDoo=
1434,1635,KGhA3GQWRwxD/tXzoQ3rlHOIC/4=,DOUbGouySxxR42qJvS/ygnQpDoo=
1435,1635,KGhA3GQWRwxD/tXzoQ3rlHOIC/4=,DOUbGouySxxR42qJvS/ygnQpDoo=
1436,1635,KGhA3GQWRwxD/tXzoQ3rlHOIC/4=,DOUbGouySxxR42qJvS/ygnQpDoo=
1433,1635,KGhA3GQWRwxD/tXzoQ3rlHOIC/4=,DOUbGouySxxR42qJvS/ygnQpDoo=
1432,1635,KGhA3GQWRwxD/tXzoQ3rlHOIC/4=,DOUbGouySxxR42qJvS/ygnQpDoo=
1437,1634,KGhA3GQWRwxD/tXzoQ3rlHOIC/4=,DOUbGouySxxR42qJvS/ygnQpDoo=
1430,1635,KGhA3GQWRwxD/tXzoQ3rlHOIC/4=,DOUbGouySxxR42qJvS/ygnQpDoo=
1431,1635,KGhA3GQWRwxD/tXzoQ3rlHOIC/4=,DOUbGouySxxR42qJvS/ygnQpDoo=
1429,1635,KGhA3GQWRwxD/tXzoQ3rlHOIC/4=,DOUbGouySxxR42qJvS/ygnQpDoo=
1428,1635,KGhA3GQWRwxD/tXzoQ3rlHOIC/4=,DOUbGouySxxR42qJvS/ygnQpDoo=
1438,1634,KGhA3GQWRwxD/tXzoQ3rlHOIC/4=,DOUbGouySxxR42qJvS/ygnQpDoo=
1427,1635,KGhA3GQWRwxD/tXzoQ3rlHOIC/4=,DOUbGouySxxR42qJvS/ygnQpDoo=
1436,1641,KGhA3GQWRwxD/tXzoQ3rlHOIC/4=,DOUbGouySxxR42qJvS/ygnQpDoo=
1424,1635,KGhA3GQWRwxD/tXzoQ3rlHOIC/4=,DOUbGouySxxR42qJvS/ygnQpDoo=
1426,1635,KGhA3GQWRwxD/tXzoQ3rlHOIC/4=,DOUbGouySxxR42qJvS/ygnQpDoo=
1425,1635,KGhA3GQWRwxD/tXzoQ3rlHOIC/4=,DOUbGouySxxR42qJvS/ygnQpDoo=
1439,1634,KGhA3GQWRwxD/tXzoQ3rlHOIC/4=,DOUbGouySxxR42qJvS/ygnQpDoo=
1435,1641,KGhA3GQWRwxD/tXzoQ3rlHOIC/4=,DOUbGouySxxR42qJvS/ygnQpDoo=
1434,1641,KGhA3GQWRwxD/tXzoQ3rlHOIC/4=,DOUbGouySxxR42qJvS/ygnQpDoo=
1426,1632,KGhA3GQWRwxD/tXzoQ3rlHOIC/4=,DOUbGouySxxR42qJvS/ygnQpDoo=
1433,1641,KGhA3GQWRwxD/tXzoQ3rlHOIC/4=,DOUbGouySxxR42qJvS/ygnQpDoo=
1433,1632,KGhA3GQWRwxD/tXzoQ3rlHOIC/4=,DOUbGouySxxR42qJvS/ygnQpDoo=
1432,1641,KGhA3GQWRwxD/tXzoQ3rlHOIC/4=,DOUbGouySxxR42qJvS/ygnQpDoo=
1431,1641,KGhA3GQWRwxD/tXzoQ3rlHOIC/4=,DOUbGouySxxR42qJvS/ygnQpDoo=
1429,1641,KGhA3GQWRwxD/tXzoQ3rlHOIC/4=,DOUbGouySxxR42qJvS/ygnQpDoo=
1430,1641,KGhA3GQWRwxD/tXzoQ3rlHOIC/4=,DOUbGouySxxR42qJvS/ygnQpDoo=
1428,1641,KGhA3GQWRwxD/tXzoQ3rlHOIC/4=,DOUbGouySxxR42qJvS/ygnQpDoo=
1427,1641,KGhA3GQWRwxD/tXzoQ3rlHOIC/4=,DOUbGouySxxR42qJvS/ygnQpDoo=
1426,1641,KGhA3GQWRwxD/tXzoQ3rlHOIC/4=,DOUbGouySxxR42qJvS/ygnQpDoo=
1425,1641,KGhA3GQWRwxD/tXzoQ3rlHOIC/4=,DOUbGouySxxR42qJvS/ygnQpDoo=
1424,1641,KGhA3GQWRwxD/tXzoQ3rlHOIC/4=,DOUbGouySxxR42qJvS/ygnQpDoo=
1439,1640,KGhA3GQWRwxD/tXzoQ3rlHOIC/4=,DOUbGouySxxR42qJvS/ygnQpDoo=
1437,1640,KGhA3GQWRwxD/tXzoQ3rlHOIC/4=,DOUbGouySxxR42qJvS/ygnQpDoo=
1438,1640,KGhA3GQWRwxD/tXzoQ3rlHOIC/4=,DOUbGouySxxR42qJvS/ygnQpDoo=
1436,1640,KGhA3GQWRwxD/tXzoQ3rlHOIC/4=,DOUbGouySxxR42qJvS/ygnQpDoo=
1435,1640,KGhA3GQWRwxD/tXzoQ3rlHOIC/4=,DOUbGouySxxR42qJvS/ygnQpDoo=
1434,1640,KGhA3GQWRwxD/tXzoQ3rlHOIC/4=,DOUbGouySxxR42qJvS/ygnQpDoo=
1432,1632,KGhA3GQWRwxD/tXzoQ3rlHOIC/4=,DOUbGouySxxR42qJvS/ygnQpDoo=
1433,1640,KGhA3GQWRwxD/tXzoQ3rlHOIC/4=,DOUbGouySxxR42qJvS/ygnQpDoo=
1432,1640,KGhA3GQWRwxD/tXzoQ3rlHOIC/4=,DOUbGouySxxR42qJvS/ygnQpDoo=
1431,1640,KGhA3GQWRwxD/tXzoQ3rlHOIC/4=,DOUbGouySxxR42qJvS/ygnQpDoo=
1430,1640,KGhA3GQWRwxD/tXzoQ3rlHOIC/4=,DOUbGouySxxR42qJvS/ygnQpDoo=
1409,1648,daiRxLl3ZaDP7cpDwqHszpFnfzg=,DOUbGouySxxR42qJvS/ygnQpDoo=
1423,1663,daiRxLl3ZaDP7cpDwqHszpFnfzg=,DOUbGouySxxR42qJvS/ygnQpDoo=
1421,1663,daiRxLl3ZaDP7cpDwqHszpFnfzg=,DOUbGouySxxR42qJvS/ygnQpDoo=
1408,1648,daiRxLl3ZaDP7cpDwqHszpFnfzg=,DOUbGouySxxR42qJvS/ygnQpDoo=
1422,1663,daiRxLl3ZaDP7cpDwqHszpFnfzg=,DOUbGouySxxR42qJvS/ygnQpDoo=
1419,1663,daiRxLl3ZaDP7cpDwqHszpFnfzg=,DOUbGouySxxR42qJvS/ygnQpDoo=
1420,1663,daiRxLl3ZaDP7cpDwqHszpFnfzg=,DOUbGouySxxR42qJvS/ygnQpDoo=
1418,1663,daiRxLl3ZaDP7cpDwqHszpFnfzg=,DOUbGouySxxR42qJvS/ygnQpDoo=
1416,1663,daiRxLl3ZaDP7cpDwqHszpFnfzg=,DOUbGouySxxR42qJvS/ygnQpDoo=
1415,1663,daiRxLl3ZaDP7cpDwqHszpFnfzg=,DOUbGouySxxR42qJvS/ygnQpDoo=
1413,1663,daiRxLl3ZaDP7cpDwqHszpFnfzg=,DOUbGouySxxR42qJvS/ygnQpDoo=
1417,1663,daiRxLl3ZaDP7cpDwqHszpFnfzg=,DOUbGouySxxR42qJvS/ygnQpDoo=
1414,1663,daiRxLl3ZaDP7cpDwqHszpFnfzg=,DOUbGouySxxR42qJvS/ygnQpDoo=
1412,1663,daiRxLl3ZaDP7cpDwqHszpFnfzg=,DOUbGouySxxR42qJvS/ygnQpDoo=
1411,1663,daiRxLl3ZaDP7cpDwqHszpFnfzg=,DOUbGouySxxR42qJvS/ygnQpDoo=
1410,1663,daiRxLl3ZaDP7cpDwqHszpFnfzg=,DOUbGouySxxR42qJvS/ygnQpDoo=
1408,1663,daiRxLl3ZaDP7cpDwqHszpFnfzg=,DOUbGouySxxR42qJvS/ygnQpDoo=
1409,1663,daiRxLl3ZaDP7cpDwqHszpFnfzg=,DOUbGouySxxR42qJvS/ygnQpDoo=
1423,1662,daiRxLl3ZaDP7cpDwqHszpFnfzg=,DOUbGouySxxR42qJvS/ygnQpDoo=
1421,1662,daiRxLl3ZaDP7cpDwqHszpFnfzg=,DOUbGouySxxR42qJvS/ygnQpDoo=
1410,1648,daiRxLl3ZaDP7cpDwqHszpFnfzg=,DOUbGouySxxR42qJvS/ygnQpDoo=
1418,1662,daiRxLl3ZaDP7cpDwqHszpFnfzg=,DOUbGouySxxR42qJvS/ygnQpDoo=
1422,1662,daiRxLl3ZaDP7cpDwqHszpFnfzg=,DOUbGouySxxR42qJvS/ygnQpDoo=
1419,1662,daiRxLl3ZaDP7cpDwqHszpFnfzg=,DOUbGouySxxR42qJvS/ygnQpDoo=
1417,1662,daiRxLl3ZaDP7cpDwqHszpFnfzg=,DOUbGouySxxR42qJvS/ygnQpDoo=
1411,1648,daiRxLl3ZaDP7cpDwqHszpFnfzg=,DOUbGouySxxR42qJvS/ygnQpDoo=
1420,1662,daiRxLl3ZaDP7cpDwqHszpFnfzg=,DOUbGouySxxR42qJvS/ygnQpDoo=
1416,1662,daiRxLl3ZaDP7cpDwqHszpFnfzg=,DOUbGouySxxR42qJvS/ygnQpDoo=
1415,1662,daiRxLl3ZaDP7cpDwqHszpFnfzg=,DOUbGouySxxR42qJvS/ygnQpDoo=
1413,1662,daiRxLl3ZaDP7cpDwqHszpFnfzg=,DOUbGouySxxR42qJvS/ygnQpDoo=
1412,1648,daiRxLl3ZaDP7cpDwqHszpFnfzg=,DOUbGouySxxR42qJvS/ygnQpDoo=
1413,1648,daiRxLl3ZaDP7cpDwqHszpFnfzg=,DOUbGouySxxR42qJvS/ygnQpDoo=
1411,1662,daiRxLl3ZaDP7cpDwqHszpFnfzg=,DOUbGouySxxR42qJvS/ygnQpDoo=
1408,1662,daiRxLl3ZaDP7cpDwqHszpFnfzg=,DOUbGouySxxR42qJvS/ygnQpDoo=
1422,1661,daiRxLl3ZaDP7cpDwqHszpFnfzg=,DOUbGouySxxR42qJvS/ygnQpDoo=
1415,1648,daiRxLl3ZaDP7cpDwqHszpFnfzg=,DOUbGouySxxR42qJvS/ygnQpDoo=
1412,1662,daiRxLl3ZaDP7cpDwqHszpFnfzg=,DOUbGouySxxR42qJvS/ygnQpDoo=
1420,1661,daiRxLl3ZaDP7cpDwqHszpFnfzg=,DOUbGouySxxR42qJvS/ygnQpDoo=
1421,1661,daiRxLl3ZaDP7cpDwqHszpFnfzg=,DOUbGouySxxR42qJvS/ygnQpDoo=
1414,1662,daiRxLl3ZaDP7cpDwqHszpFnfzg=,DOUbGouySxxR42qJvS/ygnQpDoo=
1423,1661,daiRxLl3ZaDP7cpDwqHszpFnfzg=,DOUbGouySxxR42qJvS/ygnQpDoo=
1416,1648,daiRxLl3ZaDP7cpDwqHszpFnfzg=,DOUbGouySxxR42qJvS/ygnQpDoo=
1417,1661,daiRxLl3ZaDP7cpDwqHszpFnfzg=,DOUbGouySxxR42qJvS/ygnQpDoo=
1419,1661,daiRxLl3ZaDP7cpDwqHszpFnfzg=,DOUbGouySxxR42qJvS/ygnQpDoo=
1415,1661,daiRxLl3ZaDP7cpDwqHszpFnfzg=,DOUbGouySxxR42qJvS/ygnQpDoo=
1416,1661,daiRxLl3ZaDP7cpDwqHszpFnfzg=,DOUbGouySxxR42qJvS/ygnQpDoo=
1417,1648,daiRxLl3ZaDP7cpDwqHszpFnfzg=,DOUbGouySxxR42qJvS/ygnQpDoo=
1410,1662,daiRxLl3ZaDP7cpDwqHszpFnfzg=,DOUbGouySxxR42qJvS/ygnQpDoo=
1414,1661,daiRxLl3ZaDP7cpDwqHszpFnfzg=,DOUbGouySxxR42qJvS/ygnQpDoo=
1412,1661,daiRxLl3ZaDP7cpDwqHszpFnfzg=,DOUbGouySxxR42qJvS/ygnQpDoo=
1413,1661,daiRxLl3ZaDP7cpDwqHszpFnfzg=,DOUbGouySxxR42qJvS/ygnQpDoo=
1418,1648,daiRxLl3ZaDP7cpDwqHszpFnfzg=,DOUbGouySxxR42qJvS/ygnQpDoo=
1418,1661,daiRxLl3ZaDP7cpDwqHszpFnfzg=,DOUbGouySxxR42qJvS/ygnQpDoo=
1409,1661,daiRxLl3ZaDP7cpDwqHszpFnfzg=,DOUbGouySxxR42qJvS/ygnQpDoo=
1414,1648,daiRxLl3ZaDP7cpDwqHszpFnfzg=,DOUbGouySxxR42qJvS/ygnQpDoo=
1408,1661,daiRxLl3ZaDP7cpDwqHszpFnfzg=,DOUbGouySxxR42qJvS/ygnQpDoo=
1411,1661,daiRxLl3ZaDP7cpDwqHszpFnfzg=,DOUbGouySxxR42qJvS/ygnQpDoo=
1419,1648,daiRxLl3ZaDP7cpDwqHszpFnfzg=,DOUbGouySxxR42qJvS/ygnQpDoo=
1409,1662,daiRxLl3ZaDP7cpDwqHszpFnfzg=,DOUbGouySxxR42qJvS/ygnQpDoo=
1423,1660,daiRxLl3ZaDP7cpDwqHszpFnfzg=,DOUbGouySxxR42qJvS/ygnQpDoo=
1422,1660,daiRxLl3ZaDP7cpDwqHszpFnfzg=,DOUbGouySxxR42qJvS/ygnQpDoo=
1421,1660,daiRxLl3ZaDP7cpDwqHszpFnfzg=,DOUbGouySxxR42qJvS/ygnQpDoo=
1410,1661,daiRxLl3ZaDP7cpDwqHszpFnfzg=,DOUbGouySxxR42qJvS/ygnQpDoo=
1420,1660,daiRxLl3ZaDP7cpDwqHszpFnfzg=,DOUbGouySxxR42qJvS/ygnQpDoo=
1420,1648,daiRxLl3ZaDP7cpDwqHszpFnfzg=,DOUbGouySxxR42qJvS/ygnQpDoo=
1418,1660,daiRxLl3ZaDP7cpDwqHszpFnfzg=,DOUbGouySxxR42qJvS/ygnQpDoo=
1417,1660,daiRxLl3ZaDP7cpDwqHszpFnfzg=,DOUbGouySxxR42qJvS/ygnQpDoo=
1416,1660,daiRxLl3ZaDP7cpDwqHszpFnfzg=,DOUbGouySxxR42qJvS/ygnQpDoo=
1415,1660,daiRxLl3ZaDP7cpDwqHszpFnfzg=,DOUbGouySxxR42qJvS/ygnQpDoo=
1421,1648,daiRxLl3ZaDP7cpDwqHszpFnfzg=,DOUbGouySxxR42qJvS/ygnQpDoo=
1419,1660,daiRxLl3ZaDP7cpDwqHszpFnfzg=,DOUbGouySxxR42qJvS/ygnQpDoo=
1410,1660,daiRxLl3ZaDP7cpDwqHszpFnfzg=,DOUbGouySxxR42qJvS/ygnQpDoo=
1413,1660,daiRxLl3ZaDP7cpDwqHszpFnfzg=,DOUbGouySxxR42qJvS/ygnQpDoo=
1412,1660,daiRxLl3ZaDP7cpDwqHszpFnfzg=,DOUbGouySxxR42qJvS/ygnQpDoo=
1408,1660,daiRxLl3ZaDP7cpDwqHszpFnfzg=,DOUbGouySxxR42qJvS/ygnQpDoo=
1422,1648,daiRxLl3ZaDP7cpDwqHszpFnfzg=,DOUbGouySxxR42qJvS/ygnQpDoo=
1409,1660,daiRxLl3ZaDP7cpDwqHszpFnfzg=,DOUbGouySxxR42qJvS/ygnQpDoo=
1423,1659,daiRxLl3ZaDP7cpDwqHszpFnfzg=,DOUbGouySxxR42qJvS/ygnQpDoo=
1419,1659,daiRxLl3ZaDP7cpDwqHszpFnfzg=,DOUbGouySxxR42qJvS/ygnQpDoo=
1421,1659,daiRxLl3ZaDP7cpDwqHszpFnfzg=,DOUbGouySxxR42qJvS/ygnQpDoo=
1420,1659,daiRxLl3ZaDP7cpDwqHszpFnfzg=,DOUbGouySxxR42qJvS/ygnQpDoo=
1414,1660,daiRxLl3ZaDP7cpDwqHszpFnfzg=,DOUbGouySxxR42qJvS/ygnQpDoo=
1422,1659,daiRxLl3ZaDP7cpDwqHszpFnfzg=,DOUbGouySxxR42qJvS/ygnQpDoo=
1423,1648,daiRxLl3ZaDP7cpDwqHszpFnfzg=,DOUbGouySxxR42qJvS/ygnQpDoo=
1417,1659,daiRxLl3ZaDP7cpDwqHszpFnfzg=,DOUbGouySxxR42qJvS/ygnQpDoo=
1418,1659,daiRxLl3ZaDP7cpDwqHszpFnfzg=,DOUbGouySxxR42qJvS/ygnQpDoo=
1414,1659,daiRxLl3ZaDP7cpDwqHszpFnfzg=,DOUbGouySxxR42qJvS/ygnQpDoo=
1416,1659,daiRxLl3ZaDP7cpDwqHszpFnfzg=,DOUbGouySxxR42qJvS/ygnQpDoo=
1411,1660,daiRxLl3ZaDP7cpDwqHszpFnfzg=,DOUbGouySxxR42qJvS/ygnQpDoo=
1413,1659,daiRxLl3ZaDP7cpDwqHszpFnfzg=,DOUbGouySxxR42qJvS/ygnQpDoo=
1408,1649,daiRxLl3ZaDP7cpDwqHszpFnfzg=,DOUbGouySxxR42qJvS/ygnQpDoo=
1415,1659,daiRxLl3ZaDP7cpDwqHszpFnfzg=,DOUbGouySxxR42qJvS/ygnQpDoo=
1411,1659,daiRxLl3ZaDP7cpDwqHszpFnfzg=,DOUbGouySxxR42qJvS/ygnQpDoo=
1408,1659,daiRxLl3ZaDP7cpDwqHszpFnfzg=,DOUbGouySxxR42qJvS/ygnQpDoo=
1412,1659,daiRxLl3ZaDP7cpDwqHszpFnfzg=,DOUbGouySxxR42qJvS/ygnQpDoo=
1410,1659,daiRxLl3ZaDP7cpDwqHszpFnfzg=,DOUbGouySxxR42qJvS/ygnQpDoo=
1422,1658,daiRxLl3ZaDP7cpDwqHszpFnfzg=,DOUbGouySxxR42qJvS/ygnQpDoo=
1409,1659,daiRxLl3ZaDP7cpDwqHszpFnfzg=,DOUbGouySxxR42qJvS/ygnQpDoo=
1409,1649,daiRxLl3ZaDP7cpDwqHszpFnfzg=,DOUbGouySxxR42qJvS/ygnQpDoo=
1420,1658,daiRxLl3ZaDP7cpDwqHszpFnfzg=,DOUbGouySxxR42qJvS/ygnQpDoo=
1418,1658,daiRxLl3ZaDP7cpDwqHszpFnfzg=,DOUbGouySxxR42qJvS/ygnQpDoo=
1417,1658,daiRxLl3ZaDP7cpDwqHszpFnfzg=,DOUbGouySxxR42qJvS/ygnQpDoo=
1423,1658,daiRxLl3ZaDP7cpDwqHszpFnfzg=,DOUbGouySxxR42qJvS/ygnQpDoo=
1416,1658,daiRxLl3ZaDP7cpDwqHszpFnfzg=,DOUbGouySxxR42qJvS/ygnQpDoo=
1415,1658,daiRxLl3ZaDP7cpDwqHszpFnfzg=,DOUbGouySxxR42qJvS/ygnQpDoo=
1419,1658,daiRxLl3ZaDP7cpDwqHszpFnfzg=,DOUbGouySxxR42qJvS/ygnQpDoo=
1413,1658,daiRxLl3ZaDP7cpDwqHszpFnfzg=,DOUbGouySxxR42qJvS/ygnQpDoo=
1410,1649,daiRxLl3ZaDP7cpDwqHszpFnfzg=,DOUbGouySxxR42qJvS/ygnQpDoo=
1414,1658,daiRxLl3ZaDP7cpDwqHszpFnfzg=,DOUbGouySxxR42qJvS/ygnQpDoo=
1411,1658,daiRxLl3ZaDP7cpDwqHszpFnfzg=,DOUbGouySxxR42qJvS/ygnQpDoo=
1421,1658,daiRxLl3ZaDP7cpDwqHszpFnfzg=,DOUbGouySxxR42qJvS/ygnQpDoo=
1409,1658,daiRxLl3ZaDP7cpDwqHszpFnfzg=,DOUbGouySxxR42qJvS/ygnQpDoo=
1412,1658,daiRxLl3ZaDP7cpDwqHszpFnfzg=,DOUbGouySxxR42qJvS/ygnQpDoo=
1411,1649,daiRxLl3ZaDP7cpDwqHszpFnfzg=,DOUbGouySxxR42qJvS/ygnQpDoo=
1423,1657,daiRxLl3ZaDP7cpDwqHszpFnfzg=,DOUbGouySxxR42qJvS/ygnQpDoo=
1421,1657,daiRxLl3ZaDP7cpDwqHszpFnfzg=,DOUbGouySxxR42qJvS/ygnQpDoo=
1419,1657,daiRxLl3ZaDP7cpDwqHszpFnfzg=,DOUbGouySxxR42qJvS/ygnQpDoo=
1418,1657,daiRxLl3ZaDP7cpDwqHszpFnfzg=,DOUbGouySxxR42qJvS/ygnQpDoo=
1408,1658,daiRxLl3ZaDP7cpDwqHszpFnfzg=,DOUbGouySxxR42qJvS/ygnQpDoo=
1410,1658,daiRxLl3ZaDP7cpDwqHszpFnfzg=,DOUbGouySxxR42qJvS/ygnQpDoo=
1417,1657,daiRxLl3ZaDP7cpDwqHszpFnfzg=,DOUbGouySxxR42qJvS/ygnQpDoo=
1412,1649,daiRxLl3ZaDP7cpDwqHszpFnfzg=,DOUbGouySxxR42qJvS/ygnQpDoo=
1416,1657,daiRxLl3ZaDP7cpDwqHszpFnfzg=,DOUbGouySxxR42qJvS/ygnQpDoo=
1422,1657,daiRxLl3ZaDP7cpDwqHszpFnfzg=,DOUbGouySxxR42qJvS/ygnQpDoo=
1415,1657,daiRxLl3ZaDP7cpDwqHszpFnfzg=,DOUbGouySxxR42qJvS/ygnQpDoo=
1414,1657,daiRxLl3ZaDP7cpDwqHszpFnfzg=,DOUbGouySxxR42qJvS/ygnQpDoo=
1413,1657,daiRxLl3ZaDP7cpDwqHszpFnfzg=,DOUbGouySxxR42qJvS/ygnQpDoo=
1420,1657,daiRxLl3ZaDP7cpDwqHszpFnfzg=,DOUbGouySxxR42qJvS/ygnQpDoo=
1412,1657,daiRxLl3ZaDP7cpDwqHszpFnfzg=,DOUbGouySxxR42qJvS/ygnQpDoo=
1411,1657,daiRxLl3ZaDP7cpDwqHszpFnfzg=,DOUbGouySxxR42qJvS/ygnQpDoo=
1408,1657,daiRxLl3ZaDP7cpDwqHszpFnfzg=,DOUbGouySxxR42qJvS/ygnQpDoo=
1409,1657,daiRxLl3ZaDP7cpDwqHszpFnfzg=,DOUbGouySxxR42qJvS/ygnQpDoo=
1410,1657,daiRxLl3ZaDP7cpDwqHszpFnfzg=,DOUbGouySxxR42qJvS/ygnQpDoo=
1423,1656,daiRxLl3ZaDP7cpDwqHszpFnfzg=,DOUbGouySxxR42qJvS/ygnQpDoo=
1421,1656,daiRxLl3ZaDP7cpDwqHszpFnfzg=,DOUbGouySxxR42qJvS/ygnQpDoo=
1419,1656,daiRxLl3ZaDP7cpDwqHszpFnfzg=,DOUbGouySxxR42qJvS/ygnQpDoo=
1422,1656,daiRxLl3ZaDP7cpDwqHszpFnfzg=,DOUbGouySxxR42qJvS/ygnQpDoo=
1415,1656,daiRxLl3ZaDP7cpDwqHszpFnfzg=,DOUbGouySxxR42qJvS/ygnQpDoo=
1413,1656,daiRxLl3ZaDP7cpDwqHszpFnfzg=,DOUbGouySxxR42qJvS/ygnQpDoo=
1416,1656,daiRxLl3ZaDP7cpDwqHszpFnfzg=,DOUbGouySxxR42qJvS/ygnQpDoo=
1413,1649,daiRxLl3ZaDP7cpDwqHszpFnfzg=,DOUbGouySxxR42qJvS/ygnQpDoo=
1410,1656,daiRxLl3ZaDP7cpDwqHszpFnfzg=,DOUbGouySxxR42qJvS/ygnQpDoo=
1418,1656,daiRxLl3ZaDP7cpDwqHszpFnfzg=,DOUbGouySxxR42qJvS/ygnQpDoo=
1412,1656,daiRxLl3ZaDP7cpDwqHszpFnfzg=,DOUbGouySxxR42qJvS/ygnQpDoo=
1411,1656,daiRxLl3ZaDP7cpDwqHszpFnfzg=,DOUbGouySxxR42qJvS/ygnQpDoo=
1423,1655,daiRxLl3ZaDP7cpDwqHszpFnfzg=,DOUbGouySxxR42qJvS/ygnQpDoo=
1419,1655,daiRxLl3ZaDP7cpDwqHszpFnfzg=,DOUbGouySxxR42qJvS/ygnQpDoo=
1421,1655,daiRxLl3ZaDP7cpDwqHszpFnfzg=,DOUbGouySxxR42qJvS/ygnQpDoo=
1420,1655,daiRxLl3ZaDP7cpDwqHszpFnfzg=,DOUbGouySxxR42qJvS/ygnQpDoo=
1414,1649,daiRxLl3ZaDP7cpDwqHszpFnfzg=,DOUbGouySxxR42qJvS/ygnQpDoo=
1417,1655,daiRxLl3ZaDP7cpDwqHszpFnfzg=,DOUbGouySxxR42qJvS/ygnQpDoo=
1409,1656,daiRxLl3ZaDP7cpDwqHszpFnfzg=,DOUbGouySxxR42qJvS/ygnQpDoo=
1417,1656,daiRxLl3ZaDP7cpDwqHszpFnfzg=,DOUbGouySxxR42qJvS/ygnQpDoo=
1408,1656,daiRxLl3ZaDP7cpDwqHszpFnfzg=,DOUbGouySxxR42qJvS/ygnQpDoo=
1422,1655,daiRxLl3ZaDP7cpDwqHszpFnfzg=,DOUbGouySxxR42qJvS/ygnQpDoo=
1418,1655,daiRxLl3ZaDP7cpDwqHszpFnfzg=,DOUbGouySxxR42qJvS/ygnQpDoo=
1413,1655,daiRxLl3ZaDP7cpDwqHszpFnfzg=,DOUbGouySxxR42qJvS/ygnQpDoo=
1416,1655,daiRxLl3ZaDP7cpDwqHszpFnfzg=,DOUbGouySxxR42qJvS/ygnQpDoo=
1414,1656,daiRxLl3ZaDP7cpDwqHszpFnfzg=,DOUbGouySxxR42qJvS/ygnQpDoo=
1412,1655,daiRxLl3ZaDP7cpDwqHszpFnfzg=,DOUbGouySxxR42qJvS/ygnQpDoo=
1415,1655,daiRxLl3ZaDP7cpDwqHszpFnfzg=,DOUbGouySxxR42qJvS/ygnQpDoo=
1409,1655,daiRxLl3ZaDP7cpDwqHszpFnfzg=,DOUbGouySxxR42qJvS/ygnQpDoo=
1415,1649,daiRxLl3ZaDP7cpDwqHszpFnfzg=,DOUbGouySxxR42qJvS/ygnQpDoo=
1414,1655,daiRxLl3ZaDP7cpDwqHszpFnfzg=,DOUbGouySxxR42qJvS/ygnQpDoo=
1421,1654,daiRxLl3ZaDP7cpDwqHszpFnfzg=,DOUbGouySxxR42qJvS/ygnQpDoo=
1420,1654,daiRxLl3ZaDP7cpDwqHszpFnfzg=,DOUbGouySxxR42qJvS/ygnQpDoo=
1411,1655,daiRxLl3ZaDP7cpDwqHszpFnfzg=,DOUbGouySxxR42qJvS/ygnQpDoo=
1423,1654,daiRxLl3ZaDP7cpDwqHszpFnfzg=,DOUbGouySxxR42qJvS/ygnQpDoo=
1408,1655,daiRxLl3ZaDP7cpDwqHszpFnfzg=,DOUbGouySxxR42qJvS/ygnQpDoo=
1416,1654,daiRxLl3ZaDP7cpDwqHszpFnfzg=,DOUbGouySxxR42qJvS/ygnQpDoo=
1418,1654,daiRxLl3ZaDP7cpDwqHszpFnfzg=,DOUbGouySxxR42qJvS/ygnQpDoo=
1410,1655,daiRxLl3ZaDP7cpDwqHszpFnfzg=,DOUbGouySxxR42qJvS/ygnQpDoo=
1414,1654,daiRxLl3ZaDP7cpDwqHszpFnfzg=,DOUbGouySxxR42qJvS/ygnQpDoo=
1412,1654,daiRxLl3ZaDP7cpDwqHszpFnfzg=,DOUbGouySxxR42qJvS/ygnQpDoo=
1415,1654,daiRxLl3ZaDP7cpDwqHszpFnfzg=,DOUbGouySxxR42qJvS/ygnQpDoo=
1419,1654,daiRxLl3ZaDP7cpDwqHszpFnfzg=,DOUbGouySxxR42qJvS/ygnQpDoo=
1422,1654,daiRxLl3ZaDP7cpDwqHszpFnfzg=,DOUbGouySxxR42qJvS/ygnQpDoo=
1413,1654,daiRxLl3ZaDP7cpDwqHszpFnfzg=,DOUbGouySxxR42qJvS/ygnQpDoo=
1416,1649,daiRxLl3ZaDP7cpDwqHszpFnfzg=,DOUbGouySxxR42qJvS/ygnQpDoo=
1410,1654,daiRxLl3ZaDP7cpDwqHszpFnfzg=,DOUbGouySxxR42qJvS/ygnQpDoo=
1417,1654,daiRxLl3ZaDP7cpDwqHszpFnfzg=,DOUbGouySxxR42qJvS/ygnQpDoo=
1423,1653,daiRxLl3ZaDP7cpDwqHszpFnfzg=,DOUbGouySxxR42qJvS/ygnQpDoo=
1422,1653,daiRxLl3ZaDP7cpDwqHszpFnfzg=,DOUbGouySxxR42qJvS/ygnQpDoo=
1408,1654,daiRxLl3ZaDP7cpDwqHszpFnfzg=,DOUbGouySxxR42qJvS/ygnQpDoo=
1420,1653,daiRxLl3ZaDP7cpDwqHszpFnfzg=,DOUbGouySxxR42qJvS/ygnQpDoo=
1421,1653,daiRxLl3ZaDP7cpDwqHszpFnfzg=,DOUbGouySxxR42qJvS/ygnQpDoo=
1414,1653,daiRxLl3ZaDP7cpDwqHszpFnfzg=,DOUbGouySxxR42qJvS/ygnQpDoo=
1418,1653,daiRxLl3ZaDP7cpDwqHszpFnfzg=,DOUbGouySxxR42qJvS/ygnQpDoo=
1417,1649,daiRxLl3ZaDP7cpDwqHszpFnfzg=,DOUbGouySxxR42qJvS/ygnQpDoo=
1417,1653,daiRxLl3ZaDP7cpDwqHszpFnfzg=,DOUbGouySxxR42qJvS/ygnQpDoo=
1416,1653,daiRxLl3ZaDP7cpDwqHszpFnfzg=,DOUbGouySxxR42qJvS/ygnQpDoo=
1412,1653,daiRxLl3ZaDP7cpDwqHszpFnfzg=,DOUbGouySxxR42qJvS/ygnQpDoo=
1413,1653,daiRxLl3ZaDP7cpDwqHszpFnfzg=,DOUbGouySxxR42qJvS/ygnQpDoo=
1415,1653,daiRxLl3ZaDP7cpDwqHszpFnfzg=,DOUbGouySxxR42qJvS/ygnQpDoo=
1411,1654,daiRxLl3ZaDP7cpDwqHszpFnfzg=,DOUbGouySxxR42qJvS/ygnQpDoo=
1411,1653,daiRxLl3ZaDP7cpDwqHszpFnfzg=,DOUbGouySxxR42qJvS/ygnQpDoo=
1409,1654,daiRxLl3ZaDP7cpDwqHszpFnfzg=,DOUbGouySxxR42qJvS/ygnQpDoo=
1418,1649,daiRxLl3ZaDP7cpDwqHszpFnfzg=,DOUbGouySxxR42qJvS/ygnQpDoo=
1408,1653,daiRxLl3ZaDP7cpDwqHszpFnfzg=,DOUbGouySxxR42qJvS/ygnQpDoo=
1421,1652,daiRxLl3ZaDP7cpDwqHszpFnfzg=,DOUbGouySxxR42qJvS/ygnQpDoo=
1409,1653,daiRxLl3ZaDP7cpDwqHszpFnfzg=,DOUbGouySxxR42qJvS/ygnQpDoo=
1422,1652,daiRxLl3ZaDP7cpDwqHszpFnfzg=,DOUbGouySxxR42qJvS/ygnQpDoo=
1423,1652,daiRxLl3ZaDP7cpDwqHszpFnfzg=,DOUbGouySxxR42qJvS/ygnQpDoo=
1410,1653,daiRxLl3ZaDP7cpDwqHszpFnfzg=,DOUbGouySxxR42qJvS/ygnQpDoo=
1420,1652,daiRxLl3ZaDP7cpDwqHszpFnfzg=,DOUbGouySxxR42qJvS/ygnQpDoo=
1419,1652,daiRxLl3ZaDP7cpDwqHszpFnfzg=,DOUbGouySxxR42qJvS/ygnQpDoo=
1417,1652,daiRxLl3ZaDP7cpDwqHszpFnfzg=,DOUbGouySxxR42qJvS/ygnQpDoo=
1418,1652,daiRxLl3ZaDP7cpDwqHszpFnfzg=,DOUbGouySxxR42qJvS/ygnQpDoo=
1416,1652,daiRxLl3ZaDP7cpDwqHszpFnfzg=,DOUbGouySxxR42qJvS/ygnQpDoo=
1419,1649,daiRxLl3ZaDP7cpDwqHszpFnfzg=,DOUbGouySxxR42qJvS/ygnQpDoo=
1415,1652,daiRxLl3ZaDP7cpDwqHszpFnfzg=,DOUbGouySxxR42qJvS/ygnQpDoo=
1408,1652,daiRxLl3ZaDP7cpDwqHszpFnfzg=,DOUbGouySxxR42qJvS/ygnQpDoo=
1413,1652,daiRxLl3ZaDP7cpDwqHszpFnfzg=,DOUbGouySxxR42qJvS/ygnQpDoo=
1414,1652,daiRxLl3ZaDP7cpDwqHszpFnfzg=,DOUbGouySxxR42qJvS/ygnQpDoo=
1409,1652,daiRxLl3ZaDP7cpDwqHszpFnfzg=,DOUbGouySxxR42qJvS/ygnQpDoo=
1412,1652,daiRxLl3ZaDP7cpDwqHszpFnfzg=,DOUbGouySxxR42qJvS/ygnQpDoo=
1410,1652,daiRxLl3ZaDP7cpDwqHszpFnfzg=,DOUbGouySxxR42qJvS/ygnQpDoo=
1411,1652,daiRxLl3ZaDP7cpDwqHszpFnfzg=,DOUbGouySxxR42qJvS/ygnQpDoo=
1423,1651,daiRxLl3ZaDP7cpDwqHszpFnfzg=,DOUbGouySxxR42qJvS/ygnQpDoo=
1422,1651,daiRxLl3ZaDP7cpDwqHszpFnfzg=,DOUbGouySxxR42qJvS/ygnQpDoo=
1417,1651,daiRxLl3ZaDP7cpDwqHszpFnfzg=,DOUbGouySxxR42qJvS/ygnQpDoo=
1419,1651,daiRxLl3ZaDP7cpDwqHszpFnfzg=,DOUbGouySxxR42qJvS/ygnQpDoo=
1421,1651,daiRxLl3ZaDP7cpDwqHszpFnfzg=,DOUbGouySxxR42qJvS/ygnQpDoo=
1413,1651,daiRxLl3ZaDP7cpDwqHszpFnfzg=,DOUbGouySxxR42qJvS/ygnQpDoo=
1414,1651,daiRxLl3ZaDP7cpDwqHszpFnfzg=,DOUbGouySxxR42qJvS/ygnQpDoo=
1420,1649,daiRxLl3ZaDP7cpDwqHszpFnfzg=,DOUbGouySxxR42qJvS/ygnQpDoo=
1416,1651,daiRxLl3ZaDP7cpDwqHszpFnfzg=,DOUbGouySxxR42qJvS/ygnQpDoo=
1418,1651,daiRxLl3ZaDP7cpDwqHszpFnfzg=,DOUbGouySxxR42qJvS/ygnQpDoo=
1415,1651,daiRxLl3ZaDP7cpDwqHszpFnfzg=,DOUbGouySxxR42qJvS/ygnQpDoo=
1410,1651,daiRxLl3ZaDP7cpDwqHszpFnfzg=,DOUbGouySxxR42qJvS/ygnQpDoo=
1409,1651,daiRxLl3ZaDP7cpDwqHszpFnfzg=,DOUbGouySxxR42qJvS/ygnQpDoo=
1408,1651,daiRxLl3ZaDP7cpDwqHszpFnfzg=,DOUbGouySxxR42qJvS/ygnQpDoo=
1420,1651,daiRxLl3ZaDP7cpDwqHszpFnfzg=,DOUbGouySxxR42qJvS/ygnQpDoo=
1422,1650,daiRxLl3ZaDP7cpDwqHszpFnfzg=,DOUbGouySxxR42qJvS/ygnQpDoo=
1420,1656,daiRxLl3ZaDP7cpDwqHszpFnfzg=,DOUbGouySxxR42qJvS/ygnQpDoo=
1421,1649,daiRxLl3ZaDP7cpDwqHszpFnfzg=,DOUbGouySxxR42qJvS/ygnQpDoo=
1421,1650,daiRxLl3ZaDP7cpDwqHszpFnfzg=,DOUbGouySxxR42qJvS/ygnQpDoo=
1420,1650,daiRxLl3ZaDP7cpDwqHszpFnfzg=,DOUbGouySxxR42qJvS/ygnQpDoo=
1411,1651,daiRxLl3ZaDP7cpDwqHszpFnfzg=,DOUbGouySxxR42qJvS/ygnQpDoo=
1417,1650,daiRxLl3ZaDP7cpDwqHszpFnfzg=,DOUbGouySxxR42qJvS/ygnQpDoo=
1418,1650,daiRxLl3ZaDP7cpDwqHszpFnfzg=,DOUbGouySxxR42qJvS/ygnQpDoo=
1415,1650,daiRxLl3ZaDP7cpDwqHszpFnfzg=,DOUbGouySxxR42qJvS/ygnQpDoo=
1419,1650,daiRxLl3ZaDP7cpDwqHszpFnfzg=,DOUbGouySxxR42qJvS/ygnQpDoo=
1422,1649,daiRxLl3ZaDP7cpDwqHszpFnfzg=,DOUbGouySxxR42qJvS/ygnQpDoo=
1416,1650,daiRxLl3ZaDP7cpDwqHszpFnfzg=,DOUbGouySxxR42qJvS/ygnQpDoo=
1412,1651,daiRxLl3ZaDP7cpDwqHszpFnfzg=,DOUbGouySxxR42qJvS/ygnQpDoo=
1423,1650,daiRxLl3ZaDP7cpDwqHszpFnfzg=,DOUbGouySxxR42qJvS/ygnQpDoo=
1413,1650,daiRxLl3ZaDP7cpDwqHszpFnfzg=,DOUbGouySxxR42qJvS/ygnQpDoo=
1410,1650,daiRxLl3ZaDP7cpDwqHszpFnfzg=,DOUbGouySxxR42qJvS/ygnQpDoo=
1414,1650,daiRxLl3ZaDP7cpDwqHszpFnfzg=,DOUbGouySxxR42qJvS/ygnQpDoo=
1411,1650,daiRxLl3ZaDP7cpDwqHszpFnfzg=,DOUbGouySxxR42qJvS/ygnQpDoo=
1408,1650,daiRxLl3ZaDP7cpDwqHszpFnfzg=,DOUbGouySxxR42qJvS/ygnQpDoo=
1412,1650,daiRxLl3ZaDP7cpDwqHszpFnfzg=,DOUbGouySxxR42qJvS/ygnQpDoo=
1419,1653,daiRxLl3ZaDP7cpDwqHszpFnfzg=,DOUbGouySxxR42qJvS/ygnQpDoo=
1409,1650,daiRxLl3ZaDP7cpDwqHszpFnfzg=,DOUbGouySxxR42qJvS/ygnQpDoo=
1423,1649,daiRxLl3ZaDP7cpDwqHszpFnfzg=,DOUbGouySxxR42qJvS/ygnQpDoo=
1426,1649,wejwmg2ZE2XKdRmwdVU6q5tsznY=,DOUbGouySxxR42qJvS/ygnQpDoo=
1425,1648,wejwmg2ZE2XKdRmwdVU6q5tsznY=,DOUbGouySxxR42qJvS/ygnQpDoo=
1425,1649,wejwmg2ZE2XKdRmwdVU6q5tsznY=,DOUbGouySxxR42qJvS/ygnQpDoo=
1439,1663,wejwmg2ZE2XKdRmwdVU6q5tsznY=,DOUbGouySxxR42qJvS/ygnQpDoo=
1438,1663,wejwmg2ZE2XKdRmwdVU6q5tsznY=,DOUbGouySxxR42qJvS/ygnQpDoo=
1424,1649,wejwmg2ZE2XKdRmwdVU6q5tsznY=,DOUbGouySxxR42qJvS/ygnQpDoo=
1437,1663,wejwmg2ZE2XKdRmwdVU6q5tsznY=,DOUbGouySxxR42qJvS/ygnQpDoo=
1436,1663,wejwmg2ZE2XKdRmwdVU6q5tsznY=,DOUbGouySxxR42qJvS/ygnQpDoo=
1434,1663,wejwmg2ZE2XKdRmwdVU6q5tsznY=,DOUbGouySxxR42qJvS/ygnQpDoo=
1433,1663,wejwmg2ZE2XKdRmwdVU6q5tsznY=,DOUbGouySxxR42qJvS/ygnQpDoo=
1435,1663,wejwmg2ZE2XKdRmwdVU6q5tsznY=,DOUbGouySxxR42qJvS/ygnQpDoo=
1427,1649,wejwmg2ZE2XKdRmwdVU6q5tsznY=,DOUbGouySxxR42qJvS/ygnQpDoo=
1432,1663,wejwmg2ZE2XKdRmwdVU6q5tsznY=,DOUbGouySxxR42qJvS/ygnQpDoo=
1431,1663,wejwmg2ZE2XKdRmwdVU6q5tsznY=,DOUbGouySxxR42qJvS/ygnQpDoo=
1430,1663,wejwmg2ZE2XKdRmwdVU6q5tsznY=,DOUbGouySxxR42qJvS/ygnQpDoo=
1429,1663,wejwmg2ZE2XKdRmwdVU6q5tsznY=,DOUbGouySxxR42qJvS/ygnQpDoo=
1428,1663,wejwmg2ZE2XKdRmwdVU6q5tsznY=,DOUbGouySxxR42qJvS/ygnQpDoo=
1427,1663,wejwmg2ZE2XKdRmwdVU6q5tsznY=,DOUbGouySxxR42qJvS/ygnQpDoo=
1428,1649,wejwmg2ZE2XKdRmwdVU6q5tsznY=,DOUbGouySxxR42qJvS/ygnQpDoo=
1429,1649,wejwmg2ZE2XKdRmwdVU6q5tsznY=,DOUbGouySxxR42qJvS/ygnQpDoo=
1424,1648,wejwmg2ZE2XKdRmwdVU6q5tsznY=,DOUbGouySxxR42qJvS/ygnQpDoo=
1426,1663,wejwmg2ZE2XKdRmwdVU6q5tsznY=,DOUbGouySxxR42qJvS/ygnQpDoo=
1425,1663,wejwmg2ZE2XKdRmwdVU6q5tsznY=,DOUbGouySxxR42qJvS/ygnQpDoo=
1424,1663,wejwmg2ZE2XKdRmwdVU6q5tsznY=,DOUbGouySxxR42qJvS/ygnQpDoo=
1430,1649,wejwmg2ZE2XKdRmwdVU6q5tsznY=,DOUbGouySxxR42qJvS/ygnQpDoo=
1439,1662,wejwmg2ZE2XKdRmwdVU6q5tsznY=,DOUbGouySxxR42qJvS/ygnQpDoo=
1437,1662,wejwmg2ZE2XKdRmwdVU6q5tsznY=,DOUbGouySxxR42qJvS/ygnQpDoo=
1431,1649,wejwmg2ZE2XKdRmwdVU6q5tsznY=,DOUbGouySxxR42qJvS/ygnQpDoo=
1432,1649,wejwmg2ZE2XKdRmwdVU6q5tsznY=,DOUbGouySxxR42qJvS/ygnQpDoo=
1436,1662,wejwmg2ZE2XKdRmwdVU6q5tsznY=,DOUbGouySxxR42qJvS/ygnQpDoo=
1434,1662,wejwmg2ZE2XKdRmwdVU6q5tsznY=,DOUbGouySxxR42qJvS/ygnQpDoo=
1435,1662,wejwmg2ZE2XKdRmwdVU6q5tsznY=,DOUbGouySxxR42qJvS/ygnQpDoo=
1433,1662,wejwmg2ZE2XKdRmwdVU6q5tsznY=,DOUbGouySxxR42qJvS/ygnQpDoo=
1433,1649,wejwmg2ZE2XKdRmwdVU6q5tsznY=,DOUbGouySxxR42qJvS/ygnQpDoo=
1431,1662,wejwmg2ZE2XKdRmwdVU6q5tsznY=,DOUbGouySxxR42qJvS/ygnQpDoo=
1438,1662,wejwmg2ZE2XKdRmwdVU6q5tsznY=,DOUbGouySxxR42qJvS/ygnQpDoo=
1432,1662,wejwmg2ZE2XKdRmwdVU6q5tsznY=,DOUbGouySxxR42qJvS/ygnQpDoo=
1434,1649,wejwmg2ZE2XKdRmwdVU6q5tsznY=,DOUbGouySxxR42qJvS/ygnQpDoo=
1430,1662,wejwmg2ZE2XKdRmwdVU6q5tsznY=,DOUbGouySxxR42qJvS/ygnQpDoo=
1435,1649,wejwmg2ZE2XKdRmwdVU6q5tsznY=,DOUbGouySxxR42qJvS/ygnQpDoo=
1429,1662,wejwmg2ZE2XKdRmwdVU6q5tsznY=,DOUbGouySxxR42qJvS/ygnQpDoo=
1428,1662,wejwmg2ZE2XKdRmwdVU6q5tsznY=,DOUbGouySxxR42qJvS/ygnQpDoo=
1439,1648,wejwmg2ZE2XKdRmwdVU6q5tsznY=,DOUbGouySxxR42qJvS/ygnQpDoo=
1425,1662,wejwmg2ZE2XKdRmwdVU6q5tsznY=,DOUbGouySxxR42qJvS/ygnQpDoo=
1427,1662,wejwmg2ZE2XKdRmwdVU6q5tsznY=,DOUbGouySxxR42qJvS/ygnQpDoo=
1439,1661,wejwmg2ZE2XKdRmwdVU6q5tsznY=,DOUbGouySxxR42qJvS/ygnQpDoo=
1436,1649,wejwmg2ZE2XKdRmwdVU6q5tsznY=,DOUbGouySxxR42qJvS/ygnQpDoo=
1424,1662,wejwmg2ZE2XKdRmwdVU6q5tsznY=,DOUbGouySxxR42qJvS/ygnQpDoo=
1437,1649,wejwmg2ZE2XKdRmwdVU6q5tsznY=,DOUbGouySxxR42qJvS/ygnQpDoo=
1426,1662,wejwmg2ZE2XKdRmwdVU6q5tsznY=,DOUbGouySxxR42qJvS/ygnQpDoo=
1438,1661,wejwmg2ZE2XKdRmwdVU6q5tsznY=,DOUbGouySxxR42qJvS/ygnQpDoo=
1436,1661,wejwmg2ZE2XKdRmwdVU6q5tsznY=,DOUbGouySxxR42qJvS/ygnQpDoo=
1435,1661,wejwmg2ZE2XKdRmwdVU6q5tsznY=,DOUbGouySxxR42qJvS/ygnQpDoo=
1438,1649,wejwmg2ZE2XKdRmwdVU6q5tsznY=,DOUbGouySxxR42qJvS/ygnQpDoo=
1434,1661,wejwmg2ZE2XKdRmwdVU6q5tsznY=,DOUbGouySxxR42qJvS/ygnQpDoo=
1433,1661,wejwmg2ZE2XKdRmwdVU6q5tsznY=,DOUbGouySxxR42qJvS/ygnQpDoo=
1439,1649,wejwmg2ZE2XKdRmwdVU6q5tsznY=,DOUbGouySxxR42qJvS/ygnQpDoo=
1437,1661,wejwmg2ZE2XKdRmwdVU6q5tsznY=,DOUbGouySxxR42qJvS/ygnQpDoo=
1424,1650,wejwmg2ZE2XKdRmwdVU6q5tsznY=,DOUbGouySxxR42qJvS/ygnQpDoo=
1431,1661,wejwmg2ZE2XKdRmwdVU6q5tsznY=,DOUbGouySxxR42qJvS/ygnQpDoo=
1430,1661,wejwmg2ZE2XKdRmwdVU6q5tsznY=,DOUbGouySxxR42qJvS/ygnQpDoo=
1432,1661,wejwmg2ZE2XKdRmwdVU6q5tsznY=,DOUbGouySxxR42qJvS/ygnQpDoo=
1429,1661,wejwmg2ZE2XKdRmwdVU6q5tsznY=,DOUbGouySxxR42qJvS/ygnQpDoo=
1438,1648,wejwmg2ZE2XKdRmwdVU6q5tsznY=,DOUbGouySxxR42qJvS/ygnQpDoo=
1428,1661,wejwmg2ZE2XKdRmwdVU6q5tsznY=,DOUbGouySxxR42qJvS/ygnQpDoo=
1427,1661,wejwmg2ZE2XKdRmwdVU6q5tsznY=,DOUbGouySxxR42qJvS/ygnQpDoo=
1426,1661,wejwmg2ZE2XKdRmwdVU6q5tsznY=,DOUbGouySxxR42qJvS/ygnQpDoo=
1426,1648,wejwmg2ZE2XKdRmwdVU6q5tsznY=,DOUbGouySxxR42qJvS/ygnQpDoo=
1425,1661,wejwmg2ZE2XKdRmwdVU6q5tsznY=,DOUbGouySxxR42qJvS/ygnQpDoo=
1424,1661,wejwmg2ZE2XKdRmwdVU6q5tsznY=,DOUbGouySxxR42qJvS/ygnQpDoo=
1438,1660,wejwmg2ZE2XKdRmwdVU6q5tsznY=,DOUbGouySxxR42qJvS/ygnQpDoo=
1425,1650,wejwmg2ZE2XKdRmwdVU6q5tsznY=,DOUbGouySxxR42qJvS/ygnQpDoo=
1437,1660,wejwmg2ZE2XKdRmwdVU6q5tsznY=,DOUbGouySxxR42qJvS/ygnQpDoo=
1436,1660,wejwmg2ZE2XKdRmwdVU6q5tsznY=,DOUbGouySxxR42qJvS/ygnQpDoo=
1434,1660,wejwmg2ZE2XKdRmwdVU6q5tsznY=,DOUbGouySxxR42qJvS/ygnQpDoo=
1426,1650,wejwmg2ZE2XKdRmwdVU6q5tsznY=,DOUbGouySxxR42qJvS/ygnQpDoo=
1439,1660,wejwmg2ZE2XKdRmwdVU6q5tsznY=,DOUbGouySxxR42qJvS/ygnQpDoo=
1432,1660,wejwmg2ZE2XKdRmwdVU6q5tsznY=,DOUbGouySxxR42qJvS/ygnQpDoo=
1433,1660,wejwmg2ZE2XKdRmwdVU6q5tsznY=,DOUbGouySxxR42qJvS/ygnQpDoo=
1435,1660,wejwmg2ZE2XKdRmwdVU6q5tsznY=,DOUbGouySxxR42qJvS/ygnQpDoo=
1430,1660,wejwmg2ZE2XKdRmwdVU6q5tsznY=,DOUbGouySxxR42qJvS/ygnQpDoo=
1428,1660,wejwmg2ZE2XKdRmwdVU6q5tsznY=,DOUbGouySxxR42qJvS/ygnQpDoo=
1437,1648,wejwmg2ZE2XKdRmwdVU6q5tsznY=,DOUbGouySxxR42qJvS/ygnQpDoo=
1431,1660,wejwmg2ZE2XKdRmwdVU6q5tsznY=,DOUbGouySxxR42qJvS/ygnQpDoo=
1427,1650,wejwmg2ZE2XKdRmwdVU6q5tsznY=,DOUbGouySxxR42qJvS/ygnQpDoo=
1426,1660,wejwmg2ZE2XKdRmwdVU6q5tsznY=,DOUbGouySxxR42qJvS/ygnQpDoo=
1429,1660,wejwmg2ZE2XKdRmwdVU6q5tsznY=,DOUbGouySxxR42qJvS/ygnQpDoo=
1425,1660,wejwmg2ZE2XKdRmwdVU6q5tsznY=,DOUbGouySxxR42qJvS/ygnQpDoo=
1427,1660,wejwmg2ZE2XKdRmwdVU6q5tsznY=,DOUbGouySxxR42qJvS/ygnQpDoo=
1424,1660,wejwmg2ZE2XKdRmwdVU6q5tsznY=,DOUbGouySxxR42qJvS/ygnQpDoo=
1439,1659,wejwmg2ZE2XKdRmwdVU6q5tsznY=,DOUbGouySxxR42qJvS/ygnQpDoo=
1428,1650,wejwmg2ZE2XKdRmwdVU6q5tsznY=,DOUbGouySxxR42qJvS/ygnQpDoo=
1438,1659,wejwmg2ZE2XKdRmwdVU6q5tsznY=,DOUbGouySxxR42qJvS/ygnQpDoo=
1433,1659,wejwmg2ZE2XKdRmwdVU6q5tsznY=,DOUbGouySxxR42qJvS/ygnQpDoo=
1437,1659,wejwmg2ZE2XKdRmwdVU6q5tsznY=,DOUbGouySxxR42qJvS/ygnQpDoo=
1434,1659,wejwmg2ZE2XKdRmwdVU6q5tsznY=,DOUbGouySxxR42qJvS/ygnQpDoo=
1429,1650,wejwmg2ZE2XKdRmwdVU6q5tsznY=,DOUbGouySxxR42qJvS/ygnQpDoo=
1432,1659,wejwmg2ZE2XKdRmwdVU6q5tsznY=,DOUbGouySxxR42qJvS/ygnQpDoo=
1431,1659,wejwmg2ZE2XKdRmwdVU6q5tsznY=,DOUbGouySxxR42qJvS/ygnQpDoo=
1436,1648,wejwmg2ZE2XKdRmwdVU6q5tsznY=,DOUbGouySxxR42qJvS/ygnQpDoo=
1430,1650,wejwmg2ZE2XKdRmwdVU6q5tsznY=,DOUbGouySxxR42qJvS/ygnQpDoo=
1430,1659,wejwmg2ZE2XKdRmwdVU6q5tsznY=,DOUbGouySxxR42qJvS/ygnQpDoo=
1428,1659,wejwmg2ZE2XKdRmwdVU6q5tsznY=,DOUbGouySxxR42qJvS/ygnQpDoo=
1427,1659,wejwmg2ZE2XKdRmwdVU6q5tsznY=,DOUbGouySxxR42qJvS/ygnQpDoo=
1429,1659,wejwmg2ZE2XKdRmwdVU6q5tsznY=,DOUbGouySxxR42qJvS/ygnQpDoo=
1435,1659,wejwmg2ZE2XKdRmwdVU6q5tsznY=,DOUbGouySxxR42qJvS/ygnQpDoo=
1426,1659,wejwmg2ZE2XKdRmwdVU6q5tsznY=,DOUbGouySxxR42qJvS/ygnQpDoo=
1439,1658,wejwmg2ZE2XKdRmwdVU6q5tsznY=,DOUbGouySxxR42qJvS/ygnQpDoo=
1436,1659,wejwmg2ZE2XKdRmwdVU6q5tsznY=,DOUbGouySxxR42qJvS/ygnQpDoo=
1424,1659,wejwmg2ZE2XKdRmwdVU6q5tsznY=,DOUbGouySxxR42qJvS/ygnQpDoo=
1437,1658,wejwmg2ZE2XKdRmwdVU6q5tsznY=,DOUbGouySxxR42qJvS/ygnQpDoo=
1438,1658,wejwmg2ZE2XKdRmwdVU6q5tsznY=,DOUbGouySxxR42qJvS/ygnQpDoo=
1434,1658,wejwmg2ZE2XKdRmwdVU6q5tsznY=,DOUbGouySxxR42qJvS/ygnQpDoo=
1425,1659,wejwmg2ZE2XKdRmwdVU6q5tsznY=,DOUbGouySxxR42qJvS/ygnQpDoo=
1432,1658,wejwmg2ZE2XKdRmwdVU6q5tsznY=,DOUbGouySxxR42qJvS/ygnQpDoo=
1433,1658,wejwmg2ZE2XKdRmwdVU6q5tsznY=,DOUbGouySxxR42qJvS/ygnQpDoo=
1435,1648,wejwmg2ZE2XKdRmwdVU6q5tsznY=,DOUbGouySxxR42qJvS/ygnQpDoo=
1429,1658,wejwmg2ZE2XKdRmwdVU6q5tsznY=,DOUbGouySxxR42qJvS/ygnQpDoo=
1430,1658,wejwmg2ZE2XKdRmwdVU6q5tsznY=,DOUbGouySxxR42qJvS/ygnQpDoo=
1431,1650,wejwmg2ZE2XKdRmwdVU6q5tsznY=,DOUbGouySxxR42qJvS/ygnQpDoo=
1431,1658,wejwmg2ZE2XKdRmwdVU6q5tsznY=,DOUbGouySxxR42qJvS/ygnQpDoo=
1427,1658,wejwmg2ZE2XKdRmwdVU6q5tsznY=,DOUbGouySxxR42qJvS/ygnQpDoo=
1428,1658,wejwmg2ZE2XKdRmwdVU6q5tsznY=,DOUbGouySxxR42qJvS/ygnQpDoo=
1426,1658,wejwmg2ZE2XKdRmwdVU6q5tsznY=,DOUbGouySxxR42qJvS/ygnQpDoo=
1425,1658,wejwmg2ZE2XKdRmwdVU6q5tsznY=,DOUbGouySxxR42qJvS/ygnQpDoo=
1436,1658,wejwmg2ZE2XKdRmwdVU6q5tsznY=,DOUbGouySxxR42qJvS/ygnQpDoo=
1435,1658,wejwmg2ZE2XKdRmwdVU6q5tsznY=,DOUbGouySxxR42qJvS/ygnQpDoo=
1424,1658,wejwmg2ZE2XKdRmwdVU6q5tsznY=,DOUbGouySxxR42qJvS/ygnQpDoo=
1432,1650,wejwmg2ZE2XKdRmwdVU6q5tsznY=,DOUbGouySxxR42qJvS/ygnQpDoo=
1436,1657,wejwmg2ZE2XKdRmwdVU6q5tsznY=,DOUbGouySxxR42qJvS/ygnQpDoo=
1438,1657,wejwmg2ZE2XKdRmwdVU6q5tsznY=,DOUbGouySxxR42qJvS/ygnQpDoo=
1434,1657,wejwmg2ZE2XKdRmwdVU6q5tsznY=,DOUbGouySxxR42qJvS/ygnQpDoo=
1439,1657,wejwmg2ZE2XKdRmwdVU6q5tsznY=,DOUbGouySxxR42qJvS/ygnQpDoo=
1435,1657,wejwmg2ZE2XKdRmwdVU6q5tsznY=,DOUbGouySxxR42qJvS/ygnQpDoo=
1434,1648,wejwmg2ZE2XKdRmwdVU6q5tsznY=,DOUbGouySxxR42qJvS/ygnQpDoo=
1437,1657,wejwmg2ZE2XKdRmwdVU6q5tsznY=,DOUbGouySxxR42qJvS/ygnQpDoo=
1429,1657,wejwmg2ZE2XKdRmwdVU6q5tsznY=,DOUbGouySxxR42qJvS/ygnQpDoo=
1433,1657,wejwmg2ZE2XKdRmwdVU6q5tsznY=,DOUbGouySxxR42qJvS/ygnQpDoo=
1432,1657,wejwmg2ZE2XKdRmwdVU6q5tsznY=,DOUbGouySxxR42qJvS/ygnQpDoo=
1431,1657,wejwmg2ZE2XKdRmwdVU6q5tsznY=,DOUbGouySxxR42qJvS/ygnQpDoo=
1424,1657,wejwmg2ZE2XKdRmwdVU6q5tsznY=,DOUbGouySxxR42qJvS/ygnQpDoo=
1439,1656,wejwmg2ZE2XKdRmwdVU6q5tsznY=,DOUbGouySxxR42qJvS/ygnQpDoo=
1425,1657,wejwmg2ZE2XKdRmwdVU6q5tsznY=,DOUbGouySxxR42qJvS/ygnQpDoo=
1435,1656,wejwmg2ZE2XKdRmwdVU6q5tsznY=,DOUbGouySxxR42qJvS/ygnQpDoo=
1437,1656,wejwmg2ZE2XKdRmwdVU6q5tsznY=,DOUbGouySxxR42qJvS/ygnQpDoo=
1433,1650,wejwmg2ZE2XKdRmwdVU6q5tsznY=,DOUbGouySxxR42qJvS/ygnQpDoo=
1433,1648,wejwmg2ZE2XKdRmwdVU6q5tsznY=,DOUbGouySxxR42qJvS/ygnQpDoo=
1430,1656,wejwmg2ZE2XKdRmwdVU6q5tsznY=,DOUbGouySxxR42qJvS/ygnQpDoo=
1434,1656,wejwmg2ZE2XKdRmwdVU6q5tsznY=,DOUbGouySxxR42qJvS/ygnQpDoo=
1431,1656,wejwmg2ZE2XKdRmwdVU6q5tsznY=,DOUbGouySxxR42qJvS/ygnQpDoo=
1429,1656,wejwmg2ZE2XKdRmwdVU6q5tsznY=,DOUbGouySxxR42qJvS/ygnQpDoo=
1427,1656,wejwmg2ZE2XKdRmwdVU6q5tsznY=,DOUbGouySxxR42qJvS/ygnQpDoo=
1426,1656,wejwmg2ZE2XKdRmwdVU6q5tsznY=,DOUbGouySxxR42qJvS/ygnQpDoo=
1433,1656,wejwmg2ZE2XKdRmwdVU6q5tsznY=,DOUbGouySxxR42qJvS/ygnQpDoo=
1434,1650,wejwmg2ZE2XKdRmwdVU6q5tsznY=,DOUbGouySxxR42qJvS/ygnQpDoo=
1439,1655,wejwmg2ZE2XKdRmwdVU6q5tsznY=,DOUbGouySxxR42qJvS/ygnQpDoo=
1424,1656,wejwmg2ZE2XKdRmwdVU6q5tsznY=,DOUbGouySxxR42qJvS/ygnQpDoo=
1438,1655,wejwmg2ZE2XKdRmwdVU6q5tsznY=,DOUbGouySxxR42qJvS/ygnQpDoo=
1435,1650,wejwmg2ZE2XKdRmwdVU6q5tsznY=,DOUbGouySxxR42qJvS/ygnQpDoo=
1432,1656,wejwmg2ZE2XKdRmwdVU6q5tsznY=,DOUbGouySxxR42qJvS/ygnQpDoo=
1437,1655,wejwmg2ZE2XKdRmwdVU6q5tsznY=,DOUbGouySxxR42qJvS/ygnQpDoo=
1435,1655,wejwmg2ZE2XKdRmwdVU6q5tsznY=,DOUbGouySxxR42qJvS/ygnQpDoo=
1434,1655,wejwmg2ZE2XKdRmwdVU6q5tsznY=,DOUbGouySxxR42qJvS/ygnQpDoo=
1430,1657,wejwmg2ZE2XKdRmwdVU6q5tsznY=,DOUbGouySxxR42qJvS/ygnQpDoo=
1436,1655,wejwmg2ZE2XKdRmwdVU6q5tsznY=,DOUbGouySxxR42qJvS/ygnQpDoo=
1432,1648,wejwmg2ZE2XKdRmwdVU6q5tsznY=,DOUbGouySxxR42qJvS/ygnQpDoo=
1436,1650,wejwmg2ZE2XKdRmwdVU6q5tsznY=,DOUbGouySxxR42qJvS/ygnQpDoo=
1425,1656,wejwmg2ZE2XKdRmwdVU6q5tsznY=,DOUbGouySxxR42qJvS/ygnQpDoo=
1432,1655,wejwmg2ZE2XKdRmwdVU6q5tsznY=,DOUbGouySxxR42qJvS/ygnQpDoo=
1433,1655,wejwmg2ZE2XKdRmwdVU6q5tsznY=,DOUbGouySxxR42qJvS/ygnQpDoo=
1430,1655,wejwmg2ZE2XKdRmwdVU6q5tsznY=,DOUbGouySxxR42qJvS/ygnQpDoo=
1429,1655,wejwmg2ZE2XKdRmwdVU6q5tsznY=,DOUbGouySxxR42qJvS/ygnQpDoo=
1431,1655,wejwmg2ZE2XKdRmwdVU6q5tsznY=,DOUbGouySxxR42qJvS/ygnQpDoo=
1428,1655,wejwmg2ZE2XKdRmwdVU6q5tsznY=,DOUbGouySxxR42qJvS/ygnQpDoo=
1427,1655,wejwmg2ZE2XKdRmwdVU6q5tsznY=,DOUbGouySxxR42qJvS/ygnQpDoo=
1426,1655,wejwmg2ZE2XKdRmwdVU6q5tsznY=,DOUbGouySxxR42qJvS/ygnQpDoo=
1428,1657,wejwmg2ZE2XKdRmwdVU6q5tsznY=,DOUbGouySxxR42qJvS/ygnQpDoo=
1437,1650,wejwmg2ZE2XKdRmwdVU6q5tsznY=,DOUbGouySxxR42qJvS/ygnQpDoo=
1424,1655,wejwmg2ZE2XKdRmwdVU6q5tsznY=,DOUbGouySxxR42qJvS/ygnQpDoo=
1438,1654,wejwmg2ZE2XKdRmwdVU6q5tsznY=,DOUbGouySxxR42qJvS/ygnQpDoo=
1428,1656,wejwmg2ZE2XKdRmwdVU6q5tsznY=,DOUbGouySxxR42qJvS/ygnQpDoo=
1425,1655,wejwmg2ZE2XKdRmwdVU6q5tsznY=,DOUbGouySxxR42qJvS/ygnQpDoo=
1438,1656,wejwmg2ZE2XKdRmwdVU6q5tsznY=,DOUbGouySxxR42qJvS/ygnQpDoo=
1434,1654,wejwmg2ZE2XKdRmwdVU6q5tsznY=,DOUbGouySxxR42qJvS/ygnQpDoo=
1427,1657,wejwmg2ZE2XKdRmwdVU6q5tsznY=,DOUbGouySxxR42qJvS/ygnQpDoo=
1437,1654,wejwmg2ZE2XKdRmwdVU6q5tsznY=,DOUbGouySxxR42qJvS/ygnQpDoo=
1435,1654,wejwmg2ZE2XKdRmwdVU6q5tsznY=,DOUbGouySxxR42qJvS/ygnQpDoo=
1432,1654,wejwmg2ZE2XKdRmwdVU6q5tsznY=,DOUbGouySxxR42qJvS/ygnQpDoo=
1431,1648,wejwmg2ZE2XKdRmwdVU6q5tsznY=,DOUbGouySxxR42qJvS/ygnQpDoo=
1433,1654,wejwmg2ZE2XKdRmwdVU6q5tsznY=,DOUbGouySxxR42qJvS/ygnQpDoo=
1430,1654,wejwmg2ZE2XKdRmwdVU6q5tsznY=,DOUbGouySxxR42qJvS/ygnQpDoo=
1431,1654,wejwmg2ZE2XKdRmwdVU6q5tsznY=,DOUbGouySxxR42qJvS/ygnQpDoo=
1436,1656,wejwmg2ZE2XKdRmwdVU6q5tsznY=,DOUbGouySxxR42qJvS/ygnQpDoo=
1436,1654,wejwmg2ZE2XKdRmwdVU6q5tsznY=,DOUbGouySxxR42qJvS/ygnQpDoo=
1438,1650,wejwmg2ZE2XKdRmwdVU6q5tsznY=,DOUbGouySxxR42qJvS/ygnQpDoo=
1427,1654,wejwmg2ZE2XKdRmwdVU6q5tsznY=,DOUbGouySxxR42qJvS/ygnQpDoo=
1428,1654,wejwmg2ZE2XKdRmwdVU6q5tsznY=,DOUbGouySxxR42qJvS/ygnQpDoo=
1429,1654,wejwmg2ZE2XKdRmwdVU6q5tsznY=,DOUbGouySxxR42qJvS/ygnQpDoo=
1424,1654,wejwmg2ZE2XKdRmwdVU6q5tsznY=,DOUbGouySxxR42qJvS/ygnQpDoo=
1438,1653,wejwmg2ZE2XKdRmwdVU6q5tsznY=,DOUbGouySxxR42qJvS/ygnQpDoo=
1426,1657,wejwmg2ZE2XKdRmwdVU6q5tsznY=,DOUbGouySxxR42qJvS/ygnQpDoo=
1432,1653,wejwmg2ZE2XKdRmwdVU6q5tsznY=,DOUbGouySxxR42qJvS/ygnQpDoo=
1426,1654,wejwmg2ZE2XKdRmwdVU6q5tsznY=,DOUbGouySxxR42qJvS/ygnQpDoo=
1436,1653,wejwmg2ZE2XKdRmwdVU6q5tsznY=,DOUbGouySxxR42qJvS/ygnQpDoo=
1437,1653,wejwmg2ZE2XKdRmwdVU6q5tsznY=,DOUbGouySxxR42qJvS/ygnQpDoo=
1439,1654,wejwmg2ZE2XKdRmwdVU6q5tsznY=,DOUbGouySxxR42qJvS/ygnQpDoo=
1439,1653,wejwmg2ZE2XKdRmwdVU6q5tsznY=,DOUbGouySxxR42qJvS/ygnQpDoo=
1425,1654,wejwmg2ZE2XKdRmwdVU6q5tsznY=,DOUbGouySxxR42qJvS/ygnQpDoo=
1439,1650,wejwmg2ZE2XKdRmwdVU6q5tsznY=,DOUbGouySxxR42qJvS/ygnQpDoo=
1430,1648,wejwmg2ZE2XKdRmwdVU6q5tsznY=,DOUbGouySxxR42qJvS/ygnQpDoo=
1435,1653,wejwmg2ZE2XKdRmwdVU6q5tsznY=,DOUbGouySxxR42qJvS/ygnQpDoo=
1434,1653,wejwmg2ZE2XKdRmwdVU6q5tsznY=,DOUbGouySxxR42qJvS/ygnQpDoo=
1431,1653,wejwmg2ZE2XKdRmwdVU6q5tsznY=,DOUbGouySxxR42qJvS/ygnQpDoo=
1429,1653,wejwmg2ZE2XKdRmwdVU6q5tsznY=,DOUbGouySxxR42qJvS/ygnQpDoo=
1430,1653,wejwmg2ZE2XKdRmwdVU6q5tsznY=,DOUbGouySxxR42qJvS/ygnQpDoo=
1433,1653,wejwmg2ZE2XKdRmwdVU6q5tsznY=,DOUbGouySxxR42qJvS/ygnQpDoo=
1426,1653,wejwmg2ZE2XKdRmwdVU6q5tsznY=,DOUbGouySxxR42qJvS/ygnQpDoo=
1425,1653,wejwmg2ZE2XKdRmwdVU6q5tsznY=,DOUbGouySxxR42qJvS/ygnQpDoo=
1427,1653,wejwmg2ZE2XKdRmwdVU6q5tsznY=,DOUbGouySxxR42qJvS/ygnQpDoo=
1428,1653,wejwmg2ZE2XKdRmwdVU6q5tsznY=,DOUbGouySxxR42qJvS/ygnQpDoo=
1439,1652,wejwmg2ZE2XKdRmwdVU6q5tsznY=,DOUbGouySxxR42qJvS/ygnQpDoo=
1437,1652,wejwmg2ZE2XKdRmwdVU6q5tsznY=,DOUbGouySxxR42qJvS/ygnQpDoo=
1438,1652,wejwmg2ZE2XKdRmwdVU6q5tsznY=,DOUbGouySxxR42qJvS/ygnQpDoo=
1429,1652,wejwmg2ZE2XKdRmwdVU6q5tsznY=,DOUbGouySxxR42qJvS/ygnQpDoo=
1425,1652,wejwmg2ZE2XKdRmwdVU6q5tsznY=,DOUbGouySxxR42qJvS/ygnQpDoo=
1430,1652,wejwmg2ZE2XKdRmwdVU6q5tsznY=,DOUbGouySxxR42qJvS/ygnQpDoo=
1433,1652,wejwmg2ZE2XKdRmwdVU6q5tsznY=,DOUbGouySxxR42qJvS/ygnQpDoo=
1424,1652,wejwmg2ZE2XKdRmwdVU6q5tsznY=,DOUbGouySxxR42qJvS/ygnQpDoo=
1429,1648,wejwmg2ZE2XKdRmwdVU6q5tsznY=,DOUbGouySxxR42qJvS/ygnQpDoo=
1424,1653,wejwmg2ZE2XKdRmwdVU6q5tsznY=,DOUbGouySxxR42qJvS/ygnQpDoo=
1434,1652,wejwmg2ZE2XKdRmwdVU6q5tsznY=,DOUbGouySxxR42qJvS/ygnQpDoo=
1428,1652,wejwmg2ZE2XKdRmwdVU6q5tsznY=,DOUbGouySxxR42qJvS/ygnQpDoo=
1437,1651,wejwmg2ZE2XKdRmwdVU6q5tsznY=,DOUbGouySxxR42qJvS/ygnQpDoo=
1435,1652,wejwmg2ZE2XKdRmwdVU6q5tsznY=,DOUbGouySxxR42qJvS/ygnQpDoo=
1436,1652,wejwmg2ZE2XKdRmwdVU6q5tsznY=,DOUbGouySxxR42qJvS/ygnQpDoo=
1432,1652,wejwmg2ZE2XKdRmwdVU6q5tsznY=,DOUbGouySxxR42qJvS/ygnQpDoo=
1434,1651,wejwmg2ZE2XKdRmwdVU6q5tsznY=,DOUbGouySxxR42qJvS/ygnQpDoo=
1433,1651,wejwmg2ZE2XKdRmwdVU6q5tsznY=,DOUbGouySxxR42qJvS/ygnQpDoo=
1432,1651,wejwmg2ZE2XKdRmwdVU6q5tsznY=,DOUbGouySxxR42qJvS/ygnQpDoo=
1431,1652,wejwmg2ZE2XKdRmwdVU6q5tsznY=,DOUbGouySxxR42qJvS/ygnQpDoo=
1430,1651,wejwmg2ZE2XKdRmwdVU6q5tsznY=,DOUbGouySxxR42qJvS/ygnQpDoo=
1428,1651,wejwmg2ZE2XKdRmwdVU6q5tsznY=,DOUbGouySxxR42qJvS/ygnQpDoo=
1429,1651,wejwmg2ZE2XKdRmwdVU6q5tsznY=,DOUbGouySxxR42qJvS/ygnQpDoo=
1427,1651,wejwmg2ZE2XKdRmwdVU6q5tsznY=,DOUbGouySxxR42qJvS/ygnQpDoo=
1424,1651,wejwmg2ZE2XKdRmwdVU6q5tsznY=,DOUbGouySxxR42qJvS/ygnQpDoo=
1425,1651,wejwmg2ZE2XKdRmwdVU6q5tsznY=,DOUbGouySxxR42qJvS/ygnQpDoo=
1435,1651,wejwmg2ZE2XKdRmwdVU6q5tsznY=,DOUbGouySxxR42qJvS/ygnQpDoo=
1426,1651,wejwmg2ZE2XKdRmwdVU6q5tsznY=,DOUbGouySxxR42qJvS/ygnQpDoo=
1426,1652,wejwmg2ZE2XKdRmwdVU6q5tsznY=,DOUbGouySxxR42qJvS/ygnQpDoo=
1436,1651,wejwmg2ZE2XKdRmwdVU6q5tsznY=,DOUbGouySxxR42qJvS/ygnQpDoo=
1439,1651,wejwmg2ZE2XKdRmwdVU6q5tsznY=,DOUbGouySxxR42qJvS/ygnQpDoo=
1427,1648,wejwmg2ZE2XKdRmwdVU6q5tsznY=,DOUbGouySxxR42qJvS/ygnQpDoo=
1438,1651,wejwmg2ZE2XKdRmwdVU6q5tsznY=,DOUbGouySxxR42qJvS/ygnQpDoo=
1431,1651,wejwmg2ZE2XKdRmwdVU6q5tsznY=,DOUbGouySxxR42qJvS/ygnQpDoo=
1427,1652,wejwmg2ZE2XKdRmwdVU6q5tsznY=,DOUbGouySxxR42qJvS/ygnQpDoo=
1428,1648,wejwmg2ZE2XKdRmwdVU6q5tsznY=,DOUbGouySxxR42qJvS/ygnQpDoo=
