1604,769,zbiyt5XlYpwG2eNKOzoKNudMTVQ=,atK6kZqVtzri6c2H8jwaMcWcQDM=
1605,769,zbiyt5XlYpwG2eNKOzoKNudMTVQ=,atK6kZqVtzri6c2H8jwaMcWcQDM=
1606,769,zbiyt5XlYpwG2eNKOzoKNudMTVQ=,atK6kZqVtzri6c2H8jwaMcWcQDM=
1607,769,zbiyt5XlYpwG2eNKOzoKNudMTVQ=,atK6kZqVtzri6c2H8jwaMcWcQDM=
1609,769,zbiyt5XlYpwG2eNKOzoKNudMTVQ=,atK6kZqVtzri6c2H8jwaMcWcQDM=
1608,769,zbiyt5XlYpwG2eNKOzoKNudMTVQ=,atK6kZqVtzri6c2H8jwaMcWcQDM=
1611,769,zbiyt5XlYpwG2eNKOzoKNudMTVQ=,atK6kZqVtzri6c2H8jwaMcWcQDM=
1610,769,zbiyt5XlYpwG2eNKOzoKNudMTVQ=,atK6kZqVtzri6c2H8jwaMcWcQDM=
1603,769,zbiyt5XlYpwG2eNKOzoKNudMTVQ=,atK6kZqVtzri6c2H8jwaMcWcQDM=
1600,770,zbiyt5XlYpwG2eNKOzoKNudMTVQ=,atK6kZqVtzri6c2H8jwaMcWcQDM=
1602,770,zbiyt5XlYpwG2eNKOzoKNudMTVQ=,atK6kZqVtzri6c2H8jwaMcWcQDM=
1603,768,zbiyt5XlYpwG2eNKOzoKNudMTVQ=,atK6kZqVtzri6c2H8jwaMcWcQDM=
1601,770,zbiyt5XlYpwG2eNKOzoKNudMTVQ=,atK6kZqVtzri6c2H8jwaMcWcQDM=
1602,769,zbiyt5XlYpwG2eNKOzoKNudMTVQ=,atK6kZqVtzri6c2H8jwaMcWcQDM=
1601,769,zbiyt5XlYpwG2eNKOzoKNudMTVQ=,atK6kZqVtzri6c2H8jwaMcWcQDM=
1604,770,zbiyt5XlYpwG2eNKOzoKNudMTVQ=,atK6kZqVtzri6c2H8jwaMcWcQDM=
1606,770,zbiyt5XlYpwG2eNKOzoKNudMTVQ=,atK6kZqVtzri6c2H8jwaMcWcQDM=
1603,770,zbiyt5XlYpwG2eNKOzoKNudMTVQ=,atK6kZqVtzri6c2H8jwaMcWcQDM=
1605,770,zbiyt5XlYpwG2eNKOzoKNudMTVQ=,atK6kZqVtzri6c2H8jwaMcWcQDM=
1600,769,zbiyt5XlYpwG2eNKOzoKNudMTVQ=,atK6kZqVtzri6c2H8jwaMcWcQDM=
1602,768,zbiyt5XlYpwG2eNKOzoKNudMTVQ=,atK6kZqVtzri6c2H8jwaMcWcQDM=
1607,770,zbiyt5XlYpwG2eNKOzoKNudMTVQ=,atK6kZqVtzri6c2H8jwaMcWcQDM=
1601,768,zbiyt5XlYpwG2eNKOzoKNudMTVQ=,atK6kZqVtzri6c2H8jwaMcWcQDM=
1608,770,zbiyt5XlYpwG2eNKOzoKNudMTVQ=,atK6kZqVtzri6c2H8jwaMcWcQDM=
1609,770,zbiyt5XlYpwG2eNKOzoKNudMTVQ=,atK6kZqVtzri6c2H8jwaMcWcQDM=
1610,770,zbiyt5XlYpwG2eNKOzoKNudMTVQ=,atK6kZqVtzri6c2H8jwaMcWcQDM=
1600,768,zbiyt5XlYpwG2eNKOzoKNudMTVQ=,atK6kZqVtzri6c2H8jwaMcWcQDM=
1615,783,zbiyt5XlYpwG2eNKOzoKNudMTVQ=,atK6kZqVtzri6c2H8jwaMcWcQDM=
1614,783,zbiyt5XlYpwG2eNKOzoKNudMTVQ=,atK6kZqVtzri6c2H8jwaMcWcQDM=
1611,770,zbiyt5XlYpwG2eNKOzoKNudMTVQ=,atK6kZqVtzri6c2H8jwaMcWcQDM=
1612,783,zbiyt5XlYpwG2eNKOzoKNudMTVQ=,atK6kZqVtzri6c2H8jwaMcWcQDM=
1611,783,zbiyt5XlYpwG2eNKOzoKNudMTVQ=,atK6kZqVtzri6c2H8jwaMcWcQDM=
1613,783,zbiyt5XlYpwG2eNKOzoKNudMTVQ=,atK6kZqVtzri6c2H8jwaMcWcQDM=
1610,783,zbiyt5XlYpwG2eNKOzoKNudMTVQ=,atK6kZqVtzri6c2H8jwaMcWcQDM=
1608,783,zbiyt5XlYpwG2eNKOzoKNudMTVQ=,atK6kZqVtzri6c2H8jwaMcWcQDM=
1609,783,zbiyt5XlYpwG2eNKOzoKNudMTVQ=,atK6kZqVtzri6c2H8jwaMcWcQDM=
1606,783,zbiyt5XlYpwG2eNKOzoKNudMTVQ=,atK6kZqVtzri6c2H8jwaMcWcQDM=
1605,783,zbiyt5XlYpwG2eNKOzoKNudMTVQ=,atK6kZqVtzri6c2H8jwaMcWcQDM=
1607,783,zbiyt5XlYpwG2eNKOzoKNudMTVQ=,atK6kZqVtzri6c2H8jwaMcWcQDM=
1601,783,zbiyt5XlYpwG2eNKOzoKNudMTVQ=,atK6kZqVtzri6c2H8jwaMcWcQDM=
1600,783,zbiyt5XlYpwG2eNKOzoKNudMTVQ=,atK6kZqVtzri6c2H8jwaMcWcQDM=
1604,783,zbiyt5XlYpwG2eNKOzoKNudMTVQ=,atK6kZqVtzri6c2H8jwaMcWcQDM=
1615,782,zbiyt5XlYpwG2eNKOzoKNudMTVQ=,atK6kZqVtzri6c2H8jwaMcWcQDM=
1602,783,zbiyt5XlYpwG2eNKOzoKNudMTVQ=,atK6kZqVtzri6c2H8jwaMcWcQDM=
1614,782,zbiyt5XlYpwG2eNKOzoKNudMTVQ=,atK6kZqVtzri6c2H8jwaMcWcQDM=
1613,782,zbiyt5XlYpwG2eNKOzoKNudMTVQ=,atK6kZqVtzri6c2H8jwaMcWcQDM=
1611,782,zbiyt5XlYpwG2eNKOzoKNudMTVQ=,atK6kZqVtzri6c2H8jwaMcWcQDM=
1610,782,zbiyt5XlYpwG2eNKOzoKNudMTVQ=,atK6kZqVtzri6c2H8jwaMcWcQDM=
1612,782,zbiyt5XlYpwG2eNKOzoKNudMTVQ=,atK6kZqVtzri6c2H8jwaMcWcQDM=
1608,782,zbiyt5XlYpwG2eNKOzoKNudMTVQ=,atK6kZqVtzri6c2H8jwaMcWcQDM=
1603,783,zbiyt5XlYpwG2eNKOzoKNudMTVQ=,atK6kZqVtzri6c2H8jwaMcWcQDM=
1609,782,zbiyt5XlYpwG2eNKOzoKNudMTVQ=,atK6kZqVtzri6c2H8jwaMcWcQDM=
1606,782,zbiyt5XlYpwG2eNKOzoKNudMTVQ=,atK6kZqVtzri6c2H8jwaMcWcQDM=
1605,782,zbiyt5XlYpwG2eNKOzoKNudMTVQ=,atK6kZqVtzri6c2H8jwaMcWcQDM=
1604,782,zbiyt5XlYpwG2eNKOzoKNudMTVQ=,atK6kZqVtzri6c2H8jwaMcWcQDM=
1607,782,zbiyt5XlYpwG2eNKOzoKNudMTVQ=,atK6kZqVtzri6c2H8jwaMcWcQDM=
1603,782,zbiyt5XlYpwG2eNKOzoKNudMTVQ=,atK6kZqVtzri6c2H8jwaMcWcQDM=
1602,782,zbiyt5XlYpwG2eNKOzoKNudMTVQ=,atK6kZqVtzri6c2H8jwaMcWcQDM=
1601,782,zbiyt5XlYpwG2eNKOzoKNudMTVQ=,atK6kZqVtzri6c2H8jwaMcWcQDM=
1600,782,zbiyt5XlYpwG2eNKOzoKNudMTVQ=,atK6kZqVtzri6c2H8jwaMcWcQDM=
1615,781,zbiyt5XlYpwG2eNKOzoKNudMTVQ=,atK6kZqVtzri6c2H8jwaMcWcQDM=
1614,781,zbiyt5XlYpwG2eNKOzoKNudMTVQ=,atK6kZqVtzri6c2H8jwaMcWcQDM=
1612,781,zbiyt5XlYpwG2eNKOzoKNudMTVQ=,atK6kZqVtzri6c2H8jwaMcWcQDM=
1613,781,zbiyt5XlYpwG2eNKOzoKNudMTVQ=,atK6kZqVtzri6c2H8jwaMcWcQDM=
1611,781,zbiyt5XlYpwG2eNKOzoKNudMTVQ=,atK6kZqVtzri6c2H8jwaMcWcQDM=
1610,781,zbiyt5XlYpwG2eNKOzoKNudMTVQ=,atK6kZqVtzri6c2H8jwaMcWcQDM=
1609,781,zbiyt5XlYpwG2eNKOzoKNudMTVQ=,atK6kZqVtzri6c2H8jwaMcWcQDM=
1608,781,zbiyt5XlYpwG2eNKOzoKNudMTVQ=,atK6kZqVtzri6c2H8jwaMcWcQDM=
1605,781,zbiyt5XlYpwG2eNKOzoKNudMTVQ=,atK6kZqVtzri6c2H8jwaMcWcQDM=
1607,781,zbiyt5XlYpwG2eNKOzoKNudMTVQ=,atK6kZqVtzri6c2H8jwaMcWcQDM=
1606,781,zbiyt5XlYpwG2eNKOzoKNudMTVQ=,atK6kZqVtzri6c2H8jwaMcWcQDM=
1604,781,zbiyt5XlYpwG2eNKOzoKNudMTVQ=,atK6kZqVtzri6c2H8jwaMcWcQDM=
1602,781,zbiyt5XlYpwG2eNKOzoKNudMTVQ=,atK6kZqVtzri6c2H8jwaMcWcQDM=
1603,781,zbiyt5XlYpwG2eNKOzoKNudMTVQ=,atK6kZqVtzri6c2H8jwaMcWcQDM=
1600,781,zbiyt5XlYpwG2eNKOzoKNudMTVQ=,atK6kZqVtzri6c2H8jwaMcWcQDM=
1601,781,zbiyt5XlYpwG2eNKOzoKNudMTVQ=,atK6kZqVtzri6c2H8jwaMcWcQDM=
1615,780,zbiyt5XlYpwG2eNKOzoKNudMTVQ=,atK6kZqVtzri6c2H8jwaMcWcQDM=
1612,780,zbiyt5XlYpwG2eNKOzoKNudMTVQ=,atK6kZqVtzri6c2H8jwaMcWcQDM=
1614,780,zbiyt5XlYpwG2eNKOzoKNudMTVQ=,atK6kZqVtzri6c2H8jwaMcWcQDM=
1613,780,zbiyt5XlYpwG2eNKOzoKNudMTVQ=,atK6kZqVtzri6c2H8jwaMcWcQDM=
1610,780,zbiyt5XlYpwG2eNKOzoKNudMTVQ=,atK6kZqVtzri6c2H8jwaMcWcQDM=
1608,780,zbiyt5XlYpwG2eNKOzoKNudMTVQ=,atK6kZqVtzri6c2H8jwaMcWcQDM=
1609,780,zbiyt5XlYpwG2eNKOzoKNudMTVQ=,atK6kZqVtzri6c2H8jwaMcWcQDM=
1607,780,zbiyt5XlYpwG2eNKOzoKNudMTVQ=,atK6kZqVtzri6c2H8jwaMcWcQDM=
1611,780,zbiyt5XlYpwG2eNKOzoKNudMTVQ=,atK6kZqVtzri6c2H8jwaMcWcQDM=
1606,780,zbiyt5XlYpwG2eNKOzoKNudMTVQ=,atK6kZqVtzri6c2H8jwaMcWcQDM=
1604,780,zbiyt5XlYpwG2eNKOzoKNudMTVQ=,atK6kZqVtzri6c2H8jwaMcWcQDM=
1603,780,zbiyt5XlYpwG2eNKOzoKNudMTVQ=,atK6kZqVtzri6c2H8jwaMcWcQDM=
1605,780,zbiyt5XlYpwG2eNKOzoKNudMTVQ=,atK6kZqVtzri6c2H8jwaMcWcQDM=
1601,780,zbiyt5XlYpwG2eNKOzoKNudMTVQ=,atK6kZqVtzri6c2H8jwaMcWcQDM=
1602,780,zbiyt5XlYpwG2eNKOzoKNudMTVQ=,atK6kZqVtzri6c2H8jwaMcWcQDM=
1600,780,zbiyt5XlYpwG2eNKOzoKNudMTVQ=,atK6kZqVtzri6c2H8jwaMcWcQDM=
1615,779,zbiyt5XlYpwG2eNKOzoKNudMTVQ=,atK6kZqVtzri6c2H8jwaMcWcQDM=
1614,779,zbiyt5XlYpwG2eNKOzoKNudMTVQ=,atK6kZqVtzri6c2H8jwaMcWcQDM=
1612,779,zbiyt5XlYpwG2eNKOzoKNudMTVQ=,atK6kZqVtzri6c2H8jwaMcWcQDM=
1613,779,zbiyt5XlYpwG2eNKOzoKNudMTVQ=,atK6kZqVtzri6c2H8jwaMcWcQDM=
1610,779,zbiyt5XlYpwG2eNKOzoKNudMTVQ=,atK6kZqVtzri6c2H8jwaMcWcQDM=
1609,779,zbiyt5XlYpwG2eNKOzoKNudMTVQ=,atK6kZqVtzri6c2H8jwaMcWcQDM=
1608,779,zbiyt5XlYpwG2eNKOzoKNudMTVQ=,atK6kZqVtzri6c2H8jwaMcWcQDM=
1603,779,zbiyt5XlYpwG2eNKOzoKNudMTVQ=,atK6kZqVtzri6c2H8jwaMcWcQDM=
1602,779,zbiyt5XlYpwG2eNKOzoKNudMTVQ=,atK6kZqVtzri6c2H8jwaMcWcQDM=
1601,779,zbiyt5XlYpwG2eNKOzoKNudMTVQ=,atK6kZqVtzri6c2H8jwaMcWcQDM=
1600,779,zbiyt5XlYpwG2eNKOzoKNudMTVQ=,atK6kZqVtzri6c2H8jwaMcWcQDM=
1615,778,zbiyt5XlYpwG2eNKOzoKNudMTVQ=,atK6kZqVtzri6c2H8jwaMcWcQDM=
1607,779,zbiyt5XlYpwG2eNKOzoKNudMTVQ=,atK6kZqVtzri6c2H8jwaMcWcQDM=
1614,778,zbiyt5XlYpwG2eNKOzoKNudMTVQ=,atK6kZqVtzri6c2H8jwaMcWcQDM=
1602,778,zbiyt5XlYpwG2eNKOzoKNudMTVQ=,atK6kZqVtzri6c2H8jwaMcWcQDM=
1600,778,zbiyt5XlYpwG2eNKOzoKNudMTVQ=,atK6kZqVtzri6c2H8jwaMcWcQDM=
1601,778,zbiyt5XlYpwG2eNKOzoKNudMTVQ=,atK6kZqVtzri6c2H8jwaMcWcQDM=
1612,778,zbiyt5XlYpwG2eNKOzoKNudMTVQ=,atK6kZqVtzri6c2H8jwaMcWcQDM=
1615,777,zbiyt5XlYpwG2eNKOzoKNudMTVQ=,atK6kZqVtzri6c2H8jwaMcWcQDM=
1614,777,zbiyt5XlYpwG2eNKOzoKNudMTVQ=,atK6kZqVtzri6c2H8jwaMcWcQDM=
1613,777,zbiyt5XlYpwG2eNKOzoKNudMTVQ=,atK6kZqVtzri6c2H8jwaMcWcQDM=
1611,777,zbiyt5XlYpwG2eNKOzoKNudMTVQ=,atK6kZqVtzri6c2H8jwaMcWcQDM=
1611,768,zbiyt5XlYpwG2eNKOzoKNudMTVQ=,atK6kZqVtzri6c2H8jwaMcWcQDM=
1612,777,zbiyt5XlYpwG2eNKOzoKNudMTVQ=,atK6kZqVtzri6c2H8jwaMcWcQDM=
1615,769,zbiyt5XlYpwG2eNKOzoKNudMTVQ=,atK6kZqVtzri6c2H8jwaMcWcQDM=
1613,778,zbiyt5XlYpwG2eNKOzoKNudMTVQ=,atK6kZqVtzri6c2H8jwaMcWcQDM=
1607,778,zbiyt5XlYpwG2eNKOzoKNudMTVQ=,atK6kZqVtzri6c2H8jwaMcWcQDM=
1613,768,zbiyt5XlYpwG2eNKOzoKNudMTVQ=,atK6kZqVtzri6c2H8jwaMcWcQDM=
1611,779,zbiyt5XlYpwG2eNKOzoKNudMTVQ=,atK6kZqVtzri6c2H8jwaMcWcQDM=
1614,769,zbiyt5XlYpwG2eNKOzoKNudMTVQ=,atK6kZqVtzri6c2H8jwaMcWcQDM=
1612,770,zbiyt5XlYpwG2eNKOzoKNudMTVQ=,atK6kZqVtzri6c2H8jwaMcWcQDM=
1613,769,zbiyt5XlYpwG2eNKOzoKNudMTVQ=,atK6kZqVtzri6c2H8jwaMcWcQDM=
1612,768,zbiyt5XlYpwG2eNKOzoKNudMTVQ=,atK6kZqVtzri6c2H8jwaMcWcQDM=
1614,770,zbiyt5XlYpwG2eNKOzoKNudMTVQ=,atK6kZqVtzri6c2H8jwaMcWcQDM=
1602,777,zbiyt5XlYpwG2eNKOzoKNudMTVQ=,atK6kZqVtzri6c2H8jwaMcWcQDM=
1601,777,zbiyt5XlYpwG2eNKOzoKNudMTVQ=,atK6kZqVtzri6c2H8jwaMcWcQDM=
1603,777,zbiyt5XlYpwG2eNKOzoKNudMTVQ=,atK6kZqVtzri6c2H8jwaMcWcQDM=
1615,776,zbiyt5XlYpwG2eNKOzoKNudMTVQ=,atK6kZqVtzri6c2H8jwaMcWcQDM=
1600,777,zbiyt5XlYpwG2eNKOzoKNudMTVQ=,atK6kZqVtzri6c2H8jwaMcWcQDM=
1614,776,zbiyt5XlYpwG2eNKOzoKNudMTVQ=,atK6kZqVtzri6c2H8jwaMcWcQDM=
1613,776,zbiyt5XlYpwG2eNKOzoKNudMTVQ=,atK6kZqVtzri6c2H8jwaMcWcQDM=
1612,776,zbiyt5XlYpwG2eNKOzoKNudMTVQ=,atK6kZqVtzri6c2H8jwaMcWcQDM=
1614,768,zbiyt5XlYpwG2eNKOzoKNudMTVQ=,atK6kZqVtzri6c2H8jwaMcWcQDM=
1610,768,zbiyt5XlYpwG2eNKOzoKNudMTVQ=,atK6kZqVtzri6c2H8jwaMcWcQDM=
1605,778,zbiyt5XlYpwG2eNKOzoKNudMTVQ=,atK6kZqVtzri6c2H8jwaMcWcQDM=
1615,768,zbiyt5XlYpwG2eNKOzoKNudMTVQ=,atK6kZqVtzri6c2H8jwaMcWcQDM=
1610,777,zbiyt5XlYpwG2eNKOzoKNudMTVQ=,atK6kZqVtzri6c2H8jwaMcWcQDM=
1608,778,zbiyt5XlYpwG2eNKOzoKNudMTVQ=,atK6kZqVtzri6c2H8jwaMcWcQDM=
1604,778,zbiyt5XlYpwG2eNKOzoKNudMTVQ=,atK6kZqVtzri6c2H8jwaMcWcQDM=
1609,777,zbiyt5XlYpwG2eNKOzoKNudMTVQ=,atK6kZqVtzri6c2H8jwaMcWcQDM=
1604,779,zbiyt5XlYpwG2eNKOzoKNudMTVQ=,atK6kZqVtzri6c2H8jwaMcWcQDM=
1603,776,zbiyt5XlYpwG2eNKOzoKNudMTVQ=,atK6kZqVtzri6c2H8jwaMcWcQDM=
1601,776,zbiyt5XlYpwG2eNKOzoKNudMTVQ=,atK6kZqVtzri6c2H8jwaMcWcQDM=
1609,778,zbiyt5XlYpwG2eNKOzoKNudMTVQ=,atK6kZqVtzri6c2H8jwaMcWcQDM=
1602,776,zbiyt5XlYpwG2eNKOzoKNudMTVQ=,atK6kZqVtzri6c2H8jwaMcWcQDM=
1615,775,zbiyt5XlYpwG2eNKOzoKNudMTVQ=,atK6kZqVtzri6c2H8jwaMcWcQDM=
1600,776,zbiyt5XlYpwG2eNKOzoKNudMTVQ=,atK6kZqVtzri6c2H8jwaMcWcQDM=
1614,775,zbiyt5XlYpwG2eNKOzoKNudMTVQ=,atK6kZqVtzri6c2H8jwaMcWcQDM=
1612,775,zbiyt5XlYpwG2eNKOzoKNudMTVQ=,atK6kZqVtzri6c2H8jwaMcWcQDM=
1613,775,zbiyt5XlYpwG2eNKOzoKNudMTVQ=,atK6kZqVtzri6c2H8jwaMcWcQDM=
1609,768,zbiyt5XlYpwG2eNKOzoKNudMTVQ=,atK6kZqVtzri6c2H8jwaMcWcQDM=
1613,770,zbiyt5XlYpwG2eNKOzoKNudMTVQ=,atK6kZqVtzri6c2H8jwaMcWcQDM=
1607,775,zbiyt5XlYpwG2eNKOzoKNudMTVQ=,atK6kZqVtzri6c2H8jwaMcWcQDM=
1606,775,zbiyt5XlYpwG2eNKOzoKNudMTVQ=,atK6kZqVtzri6c2H8jwaMcWcQDM=
1606,778,zbiyt5XlYpwG2eNKOzoKNudMTVQ=,atK6kZqVtzri6c2H8jwaMcWcQDM=
1605,775,zbiyt5XlYpwG2eNKOzoKNudMTVQ=,atK6kZqVtzri6c2H8jwaMcWcQDM=
1604,775,zbiyt5XlYpwG2eNKOzoKNudMTVQ=,atK6kZqVtzri6c2H8jwaMcWcQDM=
1612,769,zbiyt5XlYpwG2eNKOzoKNudMTVQ=,atK6kZqVtzri6c2H8jwaMcWcQDM=
1603,775,zbiyt5XlYpwG2eNKOzoKNudMTVQ=,atK6kZqVtzri6c2H8jwaMcWcQDM=
1602,775,zbiyt5XlYpwG2eNKOzoKNudMTVQ=,atK6kZqVtzri6c2H8jwaMcWcQDM=
1615,774,zbiyt5XlYpwG2eNKOzoKNudMTVQ=,atK6kZqVtzri6c2H8jwaMcWcQDM=
1614,774,zbiyt5XlYpwG2eNKOzoKNudMTVQ=,atK6kZqVtzri6c2H8jwaMcWcQDM=
1608,768,zbiyt5XlYpwG2eNKOzoKNudMTVQ=,atK6kZqVtzri6c2H8jwaMcWcQDM=
1600,775,zbiyt5XlYpwG2eNKOzoKNudMTVQ=,atK6kZqVtzri6c2H8jwaMcWcQDM=
1601,775,zbiyt5XlYpwG2eNKOzoKNudMTVQ=,atK6kZqVtzri6c2H8jwaMcWcQDM=
1612,774,zbiyt5XlYpwG2eNKOzoKNudMTVQ=,atK6kZqVtzri6c2H8jwaMcWcQDM=
1613,774,zbiyt5XlYpwG2eNKOzoKNudMTVQ=,atK6kZqVtzri6c2H8jwaMcWcQDM=
1608,777,zbiyt5XlYpwG2eNKOzoKNudMTVQ=,atK6kZqVtzri6c2H8jwaMcWcQDM=
1607,777,zbiyt5XlYpwG2eNKOzoKNudMTVQ=,atK6kZqVtzri6c2H8jwaMcWcQDM=
1607,774,zbiyt5XlYpwG2eNKOzoKNudMTVQ=,atK6kZqVtzri6c2H8jwaMcWcQDM=
1606,774,zbiyt5XlYpwG2eNKOzoKNudMTVQ=,atK6kZqVtzri6c2H8jwaMcWcQDM=
1605,774,zbiyt5XlYpwG2eNKOzoKNudMTVQ=,atK6kZqVtzri6c2H8jwaMcWcQDM=
1604,774,zbiyt5XlYpwG2eNKOzoKNudMTVQ=,atK6kZqVtzri6c2H8jwaMcWcQDM=
1606,779,zbiyt5XlYpwG2eNKOzoKNudMTVQ=,atK6kZqVtzri6c2H8jwaMcWcQDM=
1603,774,zbiyt5XlYpwG2eNKOzoKNudMTVQ=,atK6kZqVtzri6c2H8jwaMcWcQDM=
1600,774,zbiyt5XlYpwG2eNKOzoKNudMTVQ=,atK6kZqVtzri6c2H8jwaMcWcQDM=
1601,774,zbiyt5XlYpwG2eNKOzoKNudMTVQ=,atK6kZqVtzri6c2H8jwaMcWcQDM=
1602,774,zbiyt5XlYpwG2eNKOzoKNudMTVQ=,atK6kZqVtzri6c2H8jwaMcWcQDM=
1615,773,zbiyt5XlYpwG2eNKOzoKNudMTVQ=,atK6kZqVtzri6c2H8jwaMcWcQDM=
1607,768,zbiyt5XlYpwG2eNKOzoKNudMTVQ=,atK6kZqVtzri6c2H8jwaMcWcQDM=
1613,773,zbiyt5XlYpwG2eNKOzoKNudMTVQ=,atK6kZqVtzri6c2H8jwaMcWcQDM=
1614,773,zbiyt5XlYpwG2eNKOzoKNudMTVQ=,atK6kZqVtzri6c2H8jwaMcWcQDM=
1612,773,zbiyt5XlYpwG2eNKOzoKNudMTVQ=,atK6kZqVtzri6c2H8jwaMcWcQDM=
1603,778,zbiyt5XlYpwG2eNKOzoKNudMTVQ=,atK6kZqVtzri6c2H8jwaMcWcQDM=
1615,770,zbiyt5XlYpwG2eNKOzoKNudMTVQ=,atK6kZqVtzri6c2H8jwaMcWcQDM=
1600,771,zbiyt5XlYpwG2eNKOzoKNudMTVQ=,atK6kZqVtzri6c2H8jwaMcWcQDM=
1607,776,zbiyt5XlYpwG2eNKOzoKNudMTVQ=,atK6kZqVtzri6c2H8jwaMcWcQDM=
1601,771,zbiyt5XlYpwG2eNKOzoKNudMTVQ=,atK6kZqVtzri6c2H8jwaMcWcQDM=
1609,776,zbiyt5XlYpwG2eNKOzoKNudMTVQ=,atK6kZqVtzri6c2H8jwaMcWcQDM=
1604,768,zbiyt5XlYpwG2eNKOzoKNudMTVQ=,atK6kZqVtzri6c2H8jwaMcWcQDM=
1602,771,zbiyt5XlYpwG2eNKOzoKNudMTVQ=,atK6kZqVtzri6c2H8jwaMcWcQDM=
1604,771,zbiyt5XlYpwG2eNKOzoKNudMTVQ=,atK6kZqVtzri6c2H8jwaMcWcQDM=
1605,771,zbiyt5XlYpwG2eNKOzoKNudMTVQ=,atK6kZqVtzri6c2H8jwaMcWcQDM=
1603,771,zbiyt5XlYpwG2eNKOzoKNudMTVQ=,atK6kZqVtzri6c2H8jwaMcWcQDM=
1606,771,zbiyt5XlYpwG2eNKOzoKNudMTVQ=,atK6kZqVtzri6c2H8jwaMcWcQDM=
1608,771,zbiyt5XlYpwG2eNKOzoKNudMTVQ=,atK6kZqVtzri6c2H8jwaMcWcQDM=
1610,778,zbiyt5XlYpwG2eNKOzoKNudMTVQ=,atK6kZqVtzri6c2H8jwaMcWcQDM=
1607,771,zbiyt5XlYpwG2eNKOzoKNudMTVQ=,atK6kZqVtzri6c2H8jwaMcWcQDM=
1609,771,zbiyt5XlYpwG2eNKOzoKNudMTVQ=,atK6kZqVtzri6c2H8jwaMcWcQDM=
1611,771,zbiyt5XlYpwG2eNKOzoKNudMTVQ=,atK6kZqVtzri6c2H8jwaMcWcQDM=
1610,771,zbiyt5XlYpwG2eNKOzoKNudMTVQ=,atK6kZqVtzri6c2H8jwaMcWcQDM=
1606,777,zbiyt5XlYpwG2eNKOzoKNudMTVQ=,atK6kZqVtzri6c2H8jwaMcWcQDM=
1605,776,zbiyt5XlYpwG2eNKOzoKNudMTVQ=,atK6kZqVtzri6c2H8jwaMcWcQDM=
1607,773,zbiyt5XlYpwG2eNKOzoKNudMTVQ=,atK6kZqVtzri6c2H8jwaMcWcQDM=
1605,773,zbiyt5XlYpwG2eNKOzoKNudMTVQ=,atK6kZqVtzri6c2H8jwaMcWcQDM=
1606,773,zbiyt5XlYpwG2eNKOzoKNudMTVQ=,atK6kZqVtzri6c2H8jwaMcWcQDM=
1603,773,zbiyt5XlYpwG2eNKOzoKNudMTVQ=,atK6kZqVtzri6c2H8jwaMcWcQDM=
1604,773,zbiyt5XlYpwG2eNKOzoKNudMTVQ=,atK6kZqVtzri6c2H8jwaMcWcQDM=
1602,773,zbiyt5XlYpwG2eNKOzoKNudMTVQ=,atK6kZqVtzri6c2H8jwaMcWcQDM=
1611,778,zbiyt5XlYpwG2eNKOzoKNudMTVQ=,atK6kZqVtzri6c2H8jwaMcWcQDM=
1601,773,zbiyt5XlYpwG2eNKOzoKNudMTVQ=,atK6kZqVtzri6c2H8jwaMcWcQDM=
1600,773,zbiyt5XlYpwG2eNKOzoKNudMTVQ=,atK6kZqVtzri6c2H8jwaMcWcQDM=
1606,768,zbiyt5XlYpwG2eNKOzoKNudMTVQ=,atK6kZqVtzri6c2H8jwaMcWcQDM=
1615,772,zbiyt5XlYpwG2eNKOzoKNudMTVQ=,atK6kZqVtzri6c2H8jwaMcWcQDM=
1614,772,zbiyt5XlYpwG2eNKOzoKNudMTVQ=,atK6kZqVtzri6c2H8jwaMcWcQDM=
1613,772,zbiyt5XlYpwG2eNKOzoKNudMTVQ=,atK6kZqVtzri6c2H8jwaMcWcQDM=
1612,772,zbiyt5XlYpwG2eNKOzoKNudMTVQ=,atK6kZqVtzri6c2H8jwaMcWcQDM=
1611,776,zbiyt5XlYpwG2eNKOzoKNudMTVQ=,atK6kZqVtzri6c2H8jwaMcWcQDM=
1610,774,zbiyt5XlYpwG2eNKOzoKNudMTVQ=,atK6kZqVtzri6c2H8jwaMcWcQDM=
1604,777,zbiyt5XlYpwG2eNKOzoKNudMTVQ=,atK6kZqVtzri6c2H8jwaMcWcQDM=
1609,775,zbiyt5XlYpwG2eNKOzoKNudMTVQ=,atK6kZqVtzri6c2H8jwaMcWcQDM=
1607,772,zbiyt5XlYpwG2eNKOzoKNudMTVQ=,atK6kZqVtzri6c2H8jwaMcWcQDM=
1606,772,zbiyt5XlYpwG2eNKOzoKNudMTVQ=,atK6kZqVtzri6c2H8jwaMcWcQDM=
1605,772,zbiyt5XlYpwG2eNKOzoKNudMTVQ=,atK6kZqVtzri6c2H8jwaMcWcQDM=
1603,772,zbiyt5XlYpwG2eNKOzoKNudMTVQ=,atK6kZqVtzri6c2H8jwaMcWcQDM=
1602,772,zbiyt5XlYpwG2eNKOzoKNudMTVQ=,atK6kZqVtzri6c2H8jwaMcWcQDM=
1611,775,zbiyt5XlYpwG2eNKOzoKNudMTVQ=,atK6kZqVtzri6c2H8jwaMcWcQDM=
1604,772,zbiyt5XlYpwG2eNKOzoKNudMTVQ=,atK6kZqVtzri6c2H8jwaMcWcQDM=
1601,772,zbiyt5XlYpwG2eNKOzoKNudMTVQ=,atK6kZqVtzri6c2H8jwaMcWcQDM=
1605,768,zbiyt5XlYpwG2eNKOzoKNudMTVQ=,atK6kZqVtzri6c2H8jwaMcWcQDM=
1600,772,zbiyt5XlYpwG2eNKOzoKNudMTVQ=,atK6kZqVtzri6c2H8jwaMcWcQDM=
1609,774,zbiyt5XlYpwG2eNKOzoKNudMTVQ=,atK6kZqVtzri6c2H8jwaMcWcQDM=
1611,774,zbiyt5XlYpwG2eNKOzoKNudMTVQ=,atK6kZqVtzri6c2H8jwaMcWcQDM=
1608,776,zbiyt5XlYpwG2eNKOzoKNudMTVQ=,atK6kZqVtzri6c2H8jwaMcWcQDM=
1604,776,zbiyt5XlYpwG2eNKOzoKNudMTVQ=,atK6kZqVtzri6c2H8jwaMcWcQDM=
1605,779,zbiyt5XlYpwG2eNKOzoKNudMTVQ=,atK6kZqVtzri6c2H8jwaMcWcQDM=
1608,774,zbiyt5XlYpwG2eNKOzoKNudMTVQ=,atK6kZqVtzri6c2H8jwaMcWcQDM=
1606,776,zbiyt5XlYpwG2eNKOzoKNudMTVQ=,atK6kZqVtzri6c2H8jwaMcWcQDM=
1610,776,zbiyt5XlYpwG2eNKOzoKNudMTVQ=,atK6kZqVtzri6c2H8jwaMcWcQDM=
1609,773,zbiyt5XlYpwG2eNKOzoKNudMTVQ=,atK6kZqVtzri6c2H8jwaMcWcQDM=
1608,775,zbiyt5XlYpwG2eNKOzoKNudMTVQ=,atK6kZqVtzri6c2H8jwaMcWcQDM=
1610,773,zbiyt5XlYpwG2eNKOzoKNudMTVQ=,atK6kZqVtzri6c2H8jwaMcWcQDM=
1610,775,zbiyt5XlYpwG2eNKOzoKNudMTVQ=,atK6kZqVtzri6c2H8jwaMcWcQDM=
1609,772,zbiyt5XlYpwG2eNKOzoKNudMTVQ=,atK6kZqVtzri6c2H8jwaMcWcQDM=
1608,773,zbiyt5XlYpwG2eNKOzoKNudMTVQ=,atK6kZqVtzri6c2H8jwaMcWcQDM=
1611,773,zbiyt5XlYpwG2eNKOzoKNudMTVQ=,atK6kZqVtzri6c2H8jwaMcWcQDM=
1605,777,zbiyt5XlYpwG2eNKOzoKNudMTVQ=,atK6kZqVtzri6c2H8jwaMcWcQDM=
1612,771,zbiyt5XlYpwG2eNKOzoKNudMTVQ=,atK6kZqVtzri6c2H8jwaMcWcQDM=
1615,771,zbiyt5XlYpwG2eNKOzoKNudMTVQ=,atK6kZqVtzri6c2H8jwaMcWcQDM=
1611,772,zbiyt5XlYpwG2eNKOzoKNudMTVQ=,atK6kZqVtzri6c2H8jwaMcWcQDM=
1614,771,zbiyt5XlYpwG2eNKOzoKNudMTVQ=,atK6kZqVtzri6c2H8jwaMcWcQDM=
1610,772,zbiyt5XlYpwG2eNKOzoKNudMTVQ=,atK6kZqVtzri6c2H8jwaMcWcQDM=
1613,771,zbiyt5XlYpwG2eNKOzoKNudMTVQ=,atK6kZqVtzri6c2H8jwaMcWcQDM=
1608,772,zbiyt5XlYpwG2eNKOzoKNudMTVQ=,atK6kZqVtzri6c2H8jwaMcWcQDM=
1618,769,AJ4dXMeAzJ5EHAA6qBe9YVFRDo0=,atK6kZqVtzri6c2H8jwaMcWcQDM=
1631,783,AJ4dXMeAzJ5EHAA6qBe9YVFRDo0=,atK6kZqVtzri6c2H8jwaMcWcQDM=
1631,768,AJ4dXMeAzJ5EHAA6qBe9YVFRDo0=,atK6kZqVtzri6c2H8jwaMcWcQDM=
1630,783,AJ4dXMeAzJ5EHAA6qBe9YVFRDo0=,atK6kZqVtzri6c2H8jwaMcWcQDM=
1630,768,AJ4dXMeAzJ5EHAA6qBe9YVFRDo0=,atK6kZqVtzri6c2H8jwaMcWcQDM=
1629,768,AJ4dXMeAzJ5EHAA6qBe9YVFRDo0=,atK6kZqVtzri6c2H8jwaMcWcQDM=
1626,783,AJ4dXMeAzJ5EHAA6qBe9YVFRDo0=,atK6kZqVtzri6c2H8jwaMcWcQDM=
1628,783,AJ4dXMeAzJ5EHAA6qBe9YVFRDo0=,atK6kZqVtzri6c2H8jwaMcWcQDM=
1629,783,AJ4dXMeAzJ5EHAA6qBe9YVFRDo0=,atK6kZqVtzri6c2H8jwaMcWcQDM=
1627,783,AJ4dXMeAzJ5EHAA6qBe9YVFRDo0=,atK6kZqVtzri6c2H8jwaMcWcQDM=
1623,783,AJ4dXMeAzJ5EHAA6qBe9YVFRDo0=,atK6kZqVtzri6c2H8jwaMcWcQDM=
1621,783,AJ4dXMeAzJ5EHAA6qBe9YVFRDo0=,atK6kZqVtzri6c2H8jwaMcWcQDM=
1625,783,AJ4dXMeAzJ5EHAA6qBe9YVFRDo0=,atK6kZqVtzri6c2H8jwaMcWcQDM=
1620,783,AJ4dXMeAzJ5EHAA6qBe9YVFRDo0=,atK6kZqVtzri6c2H8jwaMcWcQDM=
1622,783,AJ4dXMeAzJ5EHAA6qBe9YVFRDo0=,atK6kZqVtzri6c2H8jwaMcWcQDM=
1631,782,AJ4dXMeAzJ5EHAA6qBe9YVFRDo0=,atK6kZqVtzri6c2H8jwaMcWcQDM=
1629,782,AJ4dXMeAzJ5EHAA6qBe9YVFRDo0=,atK6kZqVtzri6c2H8jwaMcWcQDM=
1630,782,AJ4dXMeAzJ5EHAA6qBe9YVFRDo0=,atK6kZqVtzri6c2H8jwaMcWcQDM=
1625,782,AJ4dXMeAzJ5EHAA6qBe9YVFRDo0=,atK6kZqVtzri6c2H8jwaMcWcQDM=
1627,782,AJ4dXMeAzJ5EHAA6qBe9YVFRDo0=,atK6kZqVtzri6c2H8jwaMcWcQDM=
1623,782,AJ4dXMeAzJ5EHAA6qBe9YVFRDo0=,atK6kZqVtzri6c2H8jwaMcWcQDM=
1626,782,AJ4dXMeAzJ5EHAA6qBe9YVFRDo0=,atK6kZqVtzri6c2H8jwaMcWcQDM=
1628,782,AJ4dXMeAzJ5EHAA6qBe9YVFRDo0=,atK6kZqVtzri6c2H8jwaMcWcQDM=
1622,782,AJ4dXMeAzJ5EHAA6qBe9YVFRDo0=,atK6kZqVtzri6c2H8jwaMcWcQDM=
1621,782,AJ4dXMeAzJ5EHAA6qBe9YVFRDo0=,atK6kZqVtzri6c2H8jwaMcWcQDM=
1620,782,AJ4dXMeAzJ5EHAA6qBe9YVFRDo0=,atK6kZqVtzri6c2H8jwaMcWcQDM=
1617,782,AJ4dXMeAzJ5EHAA6qBe9YVFRDo0=,atK6kZqVtzri6c2H8jwaMcWcQDM=
1631,781,AJ4dXMeAzJ5EHAA6qBe9YVFRDo0=,atK6kZqVtzri6c2H8jwaMcWcQDM=
1630,781,AJ4dXMeAzJ5EHAA6qBe9YVFRDo0=,atK6kZqVtzri6c2H8jwaMcWcQDM=
1618,782,AJ4dXMeAzJ5EHAA6qBe9YVFRDo0=,atK6kZqVtzri6c2H8jwaMcWcQDM=
1628,781,AJ4dXMeAzJ5EHAA6qBe9YVFRDo0=,atK6kZqVtzri6c2H8jwaMcWcQDM=
1623,781,AJ4dXMeAzJ5EHAA6qBe9YVFRDo0=,atK6kZqVtzri6c2H8jwaMcWcQDM=
1627,781,AJ4dXMeAzJ5EHAA6qBe9YVFRDo0=,atK6kZqVtzri6c2H8jwaMcWcQDM=
1629,781,AJ4dXMeAzJ5EHAA6qBe9YVFRDo0=,atK6kZqVtzri6c2H8jwaMcWcQDM=
1618,783,AJ4dXMeAzJ5EHAA6qBe9YVFRDo0=,atK6kZqVtzri6c2H8jwaMcWcQDM=
1621,781,AJ4dXMeAzJ5EHAA6qBe9YVFRDo0=,atK6kZqVtzri6c2H8jwaMcWcQDM=
1626,781,AJ4dXMeAzJ5EHAA6qBe9YVFRDo0=,atK6kZqVtzri6c2H8jwaMcWcQDM=
1622,781,AJ4dXMeAzJ5EHAA6qBe9YVFRDo0=,atK6kZqVtzri6c2H8jwaMcWcQDM=
1628,768,AJ4dXMeAzJ5EHAA6qBe9YVFRDo0=,atK6kZqVtzri6c2H8jwaMcWcQDM=
1620,781,AJ4dXMeAzJ5EHAA6qBe9YVFRDo0=,atK6kZqVtzri6c2H8jwaMcWcQDM=
1617,781,AJ4dXMeAzJ5EHAA6qBe9YVFRDo0=,atK6kZqVtzri6c2H8jwaMcWcQDM=
1625,781,AJ4dXMeAzJ5EHAA6qBe9YVFRDo0=,atK6kZqVtzri6c2H8jwaMcWcQDM=
1618,781,AJ4dXMeAzJ5EHAA6qBe9YVFRDo0=,atK6kZqVtzri6c2H8jwaMcWcQDM=
1626,780,AJ4dXMeAzJ5EHAA6qBe9YVFRDo0=,atK6kZqVtzri6c2H8jwaMcWcQDM=
1617,783,AJ4dXMeAzJ5EHAA6qBe9YVFRDo0=,atK6kZqVtzri6c2H8jwaMcWcQDM=
1624,783,AJ4dXMeAzJ5EHAA6qBe9YVFRDo0=,atK6kZqVtzri6c2H8jwaMcWcQDM=
1621,780,AJ4dXMeAzJ5EHAA6qBe9YVFRDo0=,atK6kZqVtzri6c2H8jwaMcWcQDM=
1622,780,AJ4dXMeAzJ5EHAA6qBe9YVFRDo0=,atK6kZqVtzri6c2H8jwaMcWcQDM=
1623,780,AJ4dXMeAzJ5EHAA6qBe9YVFRDo0=,atK6kZqVtzri6c2H8jwaMcWcQDM=
1627,768,AJ4dXMeAzJ5EHAA6qBe9YVFRDo0=,atK6kZqVtzri6c2H8jwaMcWcQDM=
1627,780,AJ4dXMeAzJ5EHAA6qBe9YVFRDo0=,atK6kZqVtzri6c2H8jwaMcWcQDM=
1620,780,AJ4dXMeAzJ5EHAA6qBe9YVFRDo0=,atK6kZqVtzri6c2H8jwaMcWcQDM=
1625,780,AJ4dXMeAzJ5EHAA6qBe9YVFRDo0=,atK6kZqVtzri6c2H8jwaMcWcQDM=
1619,783,AJ4dXMeAzJ5EHAA6qBe9YVFRDo0=,atK6kZqVtzri6c2H8jwaMcWcQDM=
1630,779,AJ4dXMeAzJ5EHAA6qBe9YVFRDo0=,atK6kZqVtzri6c2H8jwaMcWcQDM=
1631,779,AJ4dXMeAzJ5EHAA6qBe9YVFRDo0=,atK6kZqVtzri6c2H8jwaMcWcQDM=
1629,779,AJ4dXMeAzJ5EHAA6qBe9YVFRDo0=,atK6kZqVtzri6c2H8jwaMcWcQDM=
1628,779,AJ4dXMeAzJ5EHAA6qBe9YVFRDo0=,atK6kZqVtzri6c2H8jwaMcWcQDM=
1626,779,AJ4dXMeAzJ5EHAA6qBe9YVFRDo0=,atK6kZqVtzri6c2H8jwaMcWcQDM=
1619,782,AJ4dXMeAzJ5EHAA6qBe9YVFRDo0=,atK6kZqVtzri6c2H8jwaMcWcQDM=
1625,779,AJ4dXMeAzJ5EHAA6qBe9YVFRDo0=,atK6kZqVtzri6c2H8jwaMcWcQDM=
1623,779,AJ4dXMeAzJ5EHAA6qBe9YVFRDo0=,atK6kZqVtzri6c2H8jwaMcWcQDM=
1621,779,AJ4dXMeAzJ5EHAA6qBe9YVFRDo0=,atK6kZqVtzri6c2H8jwaMcWcQDM=
1620,779,AJ4dXMeAzJ5EHAA6qBe9YVFRDo0=,atK6kZqVtzri6c2H8jwaMcWcQDM=
1622,779,AJ4dXMeAzJ5EHAA6qBe9YVFRDo0=,atK6kZqVtzri6c2H8jwaMcWcQDM=
1626,768,AJ4dXMeAzJ5EHAA6qBe9YVFRDo0=,atK6kZqVtzri6c2H8jwaMcWcQDM=
1619,779,AJ4dXMeAzJ5EHAA6qBe9YVFRDo0=,atK6kZqVtzri6c2H8jwaMcWcQDM=
1617,779,AJ4dXMeAzJ5EHAA6qBe9YVFRDo0=,atK6kZqVtzri6c2H8jwaMcWcQDM=
1616,779,AJ4dXMeAzJ5EHAA6qBe9YVFRDo0=,atK6kZqVtzri6c2H8jwaMcWcQDM=
1629,778,AJ4dXMeAzJ5EHAA6qBe9YVFRDo0=,atK6kZqVtzri6c2H8jwaMcWcQDM=
1630,778,AJ4dXMeAzJ5EHAA6qBe9YVFRDo0=,atK6kZqVtzri6c2H8jwaMcWcQDM=
1618,779,AJ4dXMeAzJ5EHAA6qBe9YVFRDo0=,atK6kZqVtzri6c2H8jwaMcWcQDM=
1631,778,AJ4dXMeAzJ5EHAA6qBe9YVFRDo0=,atK6kZqVtzri6c2H8jwaMcWcQDM=
1628,778,AJ4dXMeAzJ5EHAA6qBe9YVFRDo0=,atK6kZqVtzri6c2H8jwaMcWcQDM=
1616,783,AJ4dXMeAzJ5EHAA6qBe9YVFRDo0=,atK6kZqVtzri6c2H8jwaMcWcQDM=
1625,778,AJ4dXMeAzJ5EHAA6qBe9YVFRDo0=,atK6kZqVtzri6c2H8jwaMcWcQDM=
1623,778,AJ4dXMeAzJ5EHAA6qBe9YVFRDo0=,atK6kZqVtzri6c2H8jwaMcWcQDM=
1626,778,AJ4dXMeAzJ5EHAA6qBe9YVFRDo0=,atK6kZqVtzri6c2H8jwaMcWcQDM=
1622,778,AJ4dXMeAzJ5EHAA6qBe9YVFRDo0=,atK6kZqVtzri6c2H8jwaMcWcQDM=
1621,778,AJ4dXMeAzJ5EHAA6qBe9YVFRDo0=,atK6kZqVtzri6c2H8jwaMcWcQDM=
1625,768,AJ4dXMeAzJ5EHAA6qBe9YVFRDo0=,atK6kZqVtzri6c2H8jwaMcWcQDM=
1620,778,AJ4dXMeAzJ5EHAA6qBe9YVFRDo0=,atK6kZqVtzri6c2H8jwaMcWcQDM=
1619,778,AJ4dXMeAzJ5EHAA6qBe9YVFRDo0=,atK6kZqVtzri6c2H8jwaMcWcQDM=
1617,778,AJ4dXMeAzJ5EHAA6qBe9YVFRDo0=,atK6kZqVtzri6c2H8jwaMcWcQDM=
1618,778,AJ4dXMeAzJ5EHAA6qBe9YVFRDo0=,atK6kZqVtzri6c2H8jwaMcWcQDM=
1616,778,AJ4dXMeAzJ5EHAA6qBe9YVFRDo0=,atK6kZqVtzri6c2H8jwaMcWcQDM=
1631,777,AJ4dXMeAzJ5EHAA6qBe9YVFRDo0=,atK6kZqVtzri6c2H8jwaMcWcQDM=
1630,777,AJ4dXMeAzJ5EHAA6qBe9YVFRDo0=,atK6kZqVtzri6c2H8jwaMcWcQDM=
1628,777,AJ4dXMeAzJ5EHAA6qBe9YVFRDo0=,atK6kZqVtzri6c2H8jwaMcWcQDM=
1629,777,AJ4dXMeAzJ5EHAA6qBe9YVFRDo0=,atK6kZqVtzri6c2H8jwaMcWcQDM=
1626,777,AJ4dXMeAzJ5EHAA6qBe9YVFRDo0=,atK6kZqVtzri6c2H8jwaMcWcQDM=
1624,768,AJ4dXMeAzJ5EHAA6qBe9YVFRDo0=,atK6kZqVtzri6c2H8jwaMcWcQDM=
1619,781,AJ4dXMeAzJ5EHAA6qBe9YVFRDo0=,atK6kZqVtzri6c2H8jwaMcWcQDM=
1625,777,AJ4dXMeAzJ5EHAA6qBe9YVFRDo0=,atK6kZqVtzri6c2H8jwaMcWcQDM=
1623,777,AJ4dXMeAzJ5EHAA6qBe9YVFRDo0=,atK6kZqVtzri6c2H8jwaMcWcQDM=
1622,777,AJ4dXMeAzJ5EHAA6qBe9YVFRDo0=,atK6kZqVtzri6c2H8jwaMcWcQDM=
1619,777,AJ4dXMeAzJ5EHAA6qBe9YVFRDo0=,atK6kZqVtzri6c2H8jwaMcWcQDM=
1620,777,AJ4dXMeAzJ5EHAA6qBe9YVFRDo0=,atK6kZqVtzri6c2H8jwaMcWcQDM=
1618,777,AJ4dXMeAzJ5EHAA6qBe9YVFRDo0=,atK6kZqVtzri6c2H8jwaMcWcQDM=
1617,777,AJ4dXMeAzJ5EHAA6qBe9YVFRDo0=,atK6kZqVtzri6c2H8jwaMcWcQDM=
1631,776,AJ4dXMeAzJ5EHAA6qBe9YVFRDo0=,atK6kZqVtzri6c2H8jwaMcWcQDM=
1628,776,AJ4dXMeAzJ5EHAA6qBe9YVFRDo0=,atK6kZqVtzri6c2H8jwaMcWcQDM=
1627,779,AJ4dXMeAzJ5EHAA6qBe9YVFRDo0=,atK6kZqVtzri6c2H8jwaMcWcQDM=
1630,776,AJ4dXMeAzJ5EHAA6qBe9YVFRDo0=,atK6kZqVtzri6c2H8jwaMcWcQDM=
1629,776,AJ4dXMeAzJ5EHAA6qBe9YVFRDo0=,atK6kZqVtzri6c2H8jwaMcWcQDM=
1626,776,AJ4dXMeAzJ5EHAA6qBe9YVFRDo0=,atK6kZqVtzri6c2H8jwaMcWcQDM=
1623,776,AJ4dXMeAzJ5EHAA6qBe9YVFRDo0=,atK6kZqVtzri6c2H8jwaMcWcQDM=
1625,776,AJ4dXMeAzJ5EHAA6qBe9YVFRDo0=,atK6kZqVtzri6c2H8jwaMcWcQDM=
1622,776,AJ4dXMeAzJ5EHAA6qBe9YVFRDo0=,atK6kZqVtzri6c2H8jwaMcWcQDM=
1621,776,AJ4dXMeAzJ5EHAA6qBe9YVFRDo0=,atK6kZqVtzri6c2H8jwaMcWcQDM=
1624,782,AJ4dXMeAzJ5EHAA6qBe9YVFRDo0=,atK6kZqVtzri6c2H8jwaMcWcQDM=
1620,776,AJ4dXMeAzJ5EHAA6qBe9YVFRDo0=,atK6kZqVtzri6c2H8jwaMcWcQDM=
1624,780,AJ4dXMeAzJ5EHAA6qBe9YVFRDo0=,atK6kZqVtzri6c2H8jwaMcWcQDM=
1619,776,AJ4dXMeAzJ5EHAA6qBe9YVFRDo0=,atK6kZqVtzri6c2H8jwaMcWcQDM=
1616,776,AJ4dXMeAzJ5EHAA6qBe9YVFRDo0=,atK6kZqVtzri6c2H8jwaMcWcQDM=
1618,776,AJ4dXMeAzJ5EHAA6qBe9YVFRDo0=,atK6kZqVtzri6c2H8jwaMcWcQDM=
1617,776,AJ4dXMeAzJ5EHAA6qBe9YVFRDo0=,atK6kZqVtzri6c2H8jwaMcWcQDM=
1631,775,AJ4dXMeAzJ5EHAA6qBe9YVFRDo0=,atK6kZqVtzri6c2H8jwaMcWcQDM=
1624,781,AJ4dXMeAzJ5EHAA6qBe9YVFRDo0=,atK6kZqVtzri6c2H8jwaMcWcQDM=
1630,775,AJ4dXMeAzJ5EHAA6qBe9YVFRDo0=,atK6kZqVtzri6c2H8jwaMcWcQDM=
1629,775,AJ4dXMeAzJ5EHAA6qBe9YVFRDo0=,atK6kZqVtzri6c2H8jwaMcWcQDM=
1627,778,AJ4dXMeAzJ5EHAA6qBe9YVFRDo0=,atK6kZqVtzri6c2H8jwaMcWcQDM=
1621,777,AJ4dXMeAzJ5EHAA6qBe9YVFRDo0=,atK6kZqVtzri6c2H8jwaMcWcQDM=
1628,775,AJ4dXMeAzJ5EHAA6qBe9YVFRDo0=,atK6kZqVtzri6c2H8jwaMcWcQDM=
1616,777,AJ4dXMeAzJ5EHAA6qBe9YVFRDo0=,atK6kZqVtzri6c2H8jwaMcWcQDM=
1616,782,AJ4dXMeAzJ5EHAA6qBe9YVFRDo0=,atK6kZqVtzri6c2H8jwaMcWcQDM=
1626,775,AJ4dXMeAzJ5EHAA6qBe9YVFRDo0=,atK6kZqVtzri6c2H8jwaMcWcQDM=
1622,768,AJ4dXMeAzJ5EHAA6qBe9YVFRDo0=,atK6kZqVtzri6c2H8jwaMcWcQDM=
1631,780,AJ4dXMeAzJ5EHAA6qBe9YVFRDo0=,atK6kZqVtzri6c2H8jwaMcWcQDM=
1625,775,AJ4dXMeAzJ5EHAA6qBe9YVFRDo0=,atK6kZqVtzri6c2H8jwaMcWcQDM=
1624,775,AJ4dXMeAzJ5EHAA6qBe9YVFRDo0=,atK6kZqVtzri6c2H8jwaMcWcQDM=
1619,775,AJ4dXMeAzJ5EHAA6qBe9YVFRDo0=,atK6kZqVtzri6c2H8jwaMcWcQDM=
1630,780,AJ4dXMeAzJ5EHAA6qBe9YVFRDo0=,atK6kZqVtzri6c2H8jwaMcWcQDM=
1618,775,AJ4dXMeAzJ5EHAA6qBe9YVFRDo0=,atK6kZqVtzri6c2H8jwaMcWcQDM=
1617,775,AJ4dXMeAzJ5EHAA6qBe9YVFRDo0=,atK6kZqVtzri6c2H8jwaMcWcQDM=
1627,777,AJ4dXMeAzJ5EHAA6qBe9YVFRDo0=,atK6kZqVtzri6c2H8jwaMcWcQDM=
1616,775,AJ4dXMeAzJ5EHAA6qBe9YVFRDo0=,atK6kZqVtzri6c2H8jwaMcWcQDM=
1631,774,AJ4dXMeAzJ5EHAA6qBe9YVFRDo0=,atK6kZqVtzri6c2H8jwaMcWcQDM=
1630,774,AJ4dXMeAzJ5EHAA6qBe9YVFRDo0=,atK6kZqVtzri6c2H8jwaMcWcQDM=
1629,780,AJ4dXMeAzJ5EHAA6qBe9YVFRDo0=,atK6kZqVtzri6c2H8jwaMcWcQDM=
1629,774,AJ4dXMeAzJ5EHAA6qBe9YVFRDo0=,atK6kZqVtzri6c2H8jwaMcWcQDM=
1616,781,AJ4dXMeAzJ5EHAA6qBe9YVFRDo0=,atK6kZqVtzri6c2H8jwaMcWcQDM=
1628,780,AJ4dXMeAzJ5EHAA6qBe9YVFRDo0=,atK6kZqVtzri6c2H8jwaMcWcQDM=
1628,774,AJ4dXMeAzJ5EHAA6qBe9YVFRDo0=,atK6kZqVtzri6c2H8jwaMcWcQDM=
1618,780,AJ4dXMeAzJ5EHAA6qBe9YVFRDo0=,atK6kZqVtzri6c2H8jwaMcWcQDM=
1626,774,AJ4dXMeAzJ5EHAA6qBe9YVFRDo0=,atK6kZqVtzri6c2H8jwaMcWcQDM=
1623,774,AJ4dXMeAzJ5EHAA6qBe9YVFRDo0=,atK6kZqVtzri6c2H8jwaMcWcQDM=
1625,774,AJ4dXMeAzJ5EHAA6qBe9YVFRDo0=,atK6kZqVtzri6c2H8jwaMcWcQDM=
1621,768,AJ4dXMeAzJ5EHAA6qBe9YVFRDo0=,atK6kZqVtzri6c2H8jwaMcWcQDM=
1618,774,AJ4dXMeAzJ5EHAA6qBe9YVFRDo0=,atK6kZqVtzri6c2H8jwaMcWcQDM=
1624,774,AJ4dXMeAzJ5EHAA6qBe9YVFRDo0=,atK6kZqVtzri6c2H8jwaMcWcQDM=
1619,774,AJ4dXMeAzJ5EHAA6qBe9YVFRDo0=,atK6kZqVtzri6c2H8jwaMcWcQDM=
1624,778,AJ4dXMeAzJ5EHAA6qBe9YVFRDo0=,atK6kZqVtzri6c2H8jwaMcWcQDM=
1616,774,AJ4dXMeAzJ5EHAA6qBe9YVFRDo0=,atK6kZqVtzri6c2H8jwaMcWcQDM=
1631,773,AJ4dXMeAzJ5EHAA6qBe9YVFRDo0=,atK6kZqVtzri6c2H8jwaMcWcQDM=
1621,774,AJ4dXMeAzJ5EHAA6qBe9YVFRDo0=,atK6kZqVtzri6c2H8jwaMcWcQDM=
1623,768,AJ4dXMeAzJ5EHAA6qBe9YVFRDo0=,atK6kZqVtzri6c2H8jwaMcWcQDM=
1617,774,AJ4dXMeAzJ5EHAA6qBe9YVFRDo0=,atK6kZqVtzri6c2H8jwaMcWcQDM=
1622,774,AJ4dXMeAzJ5EHAA6qBe9YVFRDo0=,atK6kZqVtzri6c2H8jwaMcWcQDM=
1629,773,AJ4dXMeAzJ5EHAA6qBe9YVFRDo0=,atK6kZqVtzri6c2H8jwaMcWcQDM=
1627,776,AJ4dXMeAzJ5EHAA6qBe9YVFRDo0=,atK6kZqVtzri6c2H8jwaMcWcQDM=
1630,773,AJ4dXMeAzJ5EHAA6qBe9YVFRDo0=,atK6kZqVtzri6c2H8jwaMcWcQDM=
1628,773,AJ4dXMeAzJ5EHAA6qBe9YVFRDo0=,atK6kZqVtzri6c2H8jwaMcWcQDM=
1617,780,AJ4dXMeAzJ5EHAA6qBe9YVFRDo0=,atK6kZqVtzri6c2H8jwaMcWcQDM=
1619,773,AJ4dXMeAzJ5EHAA6qBe9YVFRDo0=,atK6kZqVtzri6c2H8jwaMcWcQDM=
1626,773,AJ4dXMeAzJ5EHAA6qBe9YVFRDo0=,atK6kZqVtzri6c2H8jwaMcWcQDM=
1620,768,AJ4dXMeAzJ5EHAA6qBe9YVFRDo0=,atK6kZqVtzri6c2H8jwaMcWcQDM=
1617,773,AJ4dXMeAzJ5EHAA6qBe9YVFRDo0=,atK6kZqVtzri6c2H8jwaMcWcQDM=
1618,773,AJ4dXMeAzJ5EHAA6qBe9YVFRDo0=,atK6kZqVtzri6c2H8jwaMcWcQDM=
1625,773,AJ4dXMeAzJ5EHAA6qBe9YVFRDo0=,atK6kZqVtzri6c2H8jwaMcWcQDM=
1622,773,AJ4dXMeAzJ5EHAA6qBe9YVFRDo0=,atK6kZqVtzri6c2H8jwaMcWcQDM=
1616,773,AJ4dXMeAzJ5EHAA6qBe9YVFRDo0=,atK6kZqVtzri6c2H8jwaMcWcQDM=
1631,772,AJ4dXMeAzJ5EHAA6qBe9YVFRDo0=,atK6kZqVtzri6c2H8jwaMcWcQDM=
1628,772,AJ4dXMeAzJ5EHAA6qBe9YVFRDo0=,atK6kZqVtzri6c2H8jwaMcWcQDM=
1622,775,AJ4dXMeAzJ5EHAA6qBe9YVFRDo0=,atK6kZqVtzri6c2H8jwaMcWcQDM=
1621,773,AJ4dXMeAzJ5EHAA6qBe9YVFRDo0=,atK6kZqVtzri6c2H8jwaMcWcQDM=
1630,772,AJ4dXMeAzJ5EHAA6qBe9YVFRDo0=,atK6kZqVtzri6c2H8jwaMcWcQDM=
1629,772,AJ4dXMeAzJ5EHAA6qBe9YVFRDo0=,atK6kZqVtzri6c2H8jwaMcWcQDM=
1624,779,AJ4dXMeAzJ5EHAA6qBe9YVFRDo0=,atK6kZqVtzri6c2H8jwaMcWcQDM=
1619,768,AJ4dXMeAzJ5EHAA6qBe9YVFRDo0=,atK6kZqVtzri6c2H8jwaMcWcQDM=
1621,772,AJ4dXMeAzJ5EHAA6qBe9YVFRDo0=,atK6kZqVtzri6c2H8jwaMcWcQDM=
1619,772,AJ4dXMeAzJ5EHAA6qBe9YVFRDo0=,atK6kZqVtzri6c2H8jwaMcWcQDM=
1622,772,AJ4dXMeAzJ5EHAA6qBe9YVFRDo0=,atK6kZqVtzri6c2H8jwaMcWcQDM=
1621,775,AJ4dXMeAzJ5EHAA6qBe9YVFRDo0=,atK6kZqVtzri6c2H8jwaMcWcQDM=
1623,775,AJ4dXMeAzJ5EHAA6qBe9YVFRDo0=,atK6kZqVtzri6c2H8jwaMcWcQDM=
1618,772,AJ4dXMeAzJ5EHAA6qBe9YVFRDo0=,atK6kZqVtzri6c2H8jwaMcWcQDM=
1617,772,AJ4dXMeAzJ5EHAA6qBe9YVFRDo0=,atK6kZqVtzri6c2H8jwaMcWcQDM=
1627,775,AJ4dXMeAzJ5EHAA6qBe9YVFRDo0=,atK6kZqVtzri6c2H8jwaMcWcQDM=
1616,772,AJ4dXMeAzJ5EHAA6qBe9YVFRDo0=,atK6kZqVtzri6c2H8jwaMcWcQDM=
1630,771,AJ4dXMeAzJ5EHAA6qBe9YVFRDo0=,atK6kZqVtzri6c2H8jwaMcWcQDM=
1629,771,AJ4dXMeAzJ5EHAA6qBe9YVFRDo0=,atK6kZqVtzri6c2H8jwaMcWcQDM=
1631,771,AJ4dXMeAzJ5EHAA6qBe9YVFRDo0=,atK6kZqVtzri6c2H8jwaMcWcQDM=
1628,771,AJ4dXMeAzJ5EHAA6qBe9YVFRDo0=,atK6kZqVtzri6c2H8jwaMcWcQDM=
1627,771,AJ4dXMeAzJ5EHAA6qBe9YVFRDo0=,atK6kZqVtzri6c2H8jwaMcWcQDM=
1626,771,AJ4dXMeAzJ5EHAA6qBe9YVFRDo0=,atK6kZqVtzri6c2H8jwaMcWcQDM=
1627,774,AJ4dXMeAzJ5EHAA6qBe9YVFRDo0=,atK6kZqVtzri6c2H8jwaMcWcQDM=
1625,771,AJ4dXMeAzJ5EHAA6qBe9YVFRDo0=,atK6kZqVtzri6c2H8jwaMcWcQDM=
1624,771,AJ4dXMeAzJ5EHAA6qBe9YVFRDo0=,atK6kZqVtzri6c2H8jwaMcWcQDM=
1624,776,AJ4dXMeAzJ5EHAA6qBe9YVFRDo0=,atK6kZqVtzri6c2H8jwaMcWcQDM=
1618,768,AJ4dXMeAzJ5EHAA6qBe9YVFRDo0=,atK6kZqVtzri6c2H8jwaMcWcQDM=
1622,771,AJ4dXMeAzJ5EHAA6qBe9YVFRDo0=,atK6kZqVtzri6c2H8jwaMcWcQDM=
1624,777,AJ4dXMeAzJ5EHAA6qBe9YVFRDo0=,atK6kZqVtzri6c2H8jwaMcWcQDM=
1621,771,AJ4dXMeAzJ5EHAA6qBe9YVFRDo0=,atK6kZqVtzri6c2H8jwaMcWcQDM=
1631,770,AJ4dXMeAzJ5EHAA6qBe9YVFRDo0=,atK6kZqVtzri6c2H8jwaMcWcQDM=
1630,770,AJ4dXMeAzJ5EHAA6qBe9YVFRDo0=,atK6kZqVtzri6c2H8jwaMcWcQDM=
1620,771,AJ4dXMeAzJ5EHAA6qBe9YVFRDo0=,atK6kZqVtzri6c2H8jwaMcWcQDM=
1629,770,AJ4dXMeAzJ5EHAA6qBe9YVFRDo0=,atK6kZqVtzri6c2H8jwaMcWcQDM=
1628,770,AJ4dXMeAzJ5EHAA6qBe9YVFRDo0=,atK6kZqVtzri6c2H8jwaMcWcQDM=
1626,770,AJ4dXMeAzJ5EHAA6qBe9YVFRDo0=,atK6kZqVtzri6c2H8jwaMcWcQDM=
1625,770,AJ4dXMeAzJ5EHAA6qBe9YVFRDo0=,atK6kZqVtzri6c2H8jwaMcWcQDM=
1627,770,AJ4dXMeAzJ5EHAA6qBe9YVFRDo0=,atK6kZqVtzri6c2H8jwaMcWcQDM=
1624,770,AJ4dXMeAzJ5EHAA6qBe9YVFRDo0=,atK6kZqVtzri6c2H8jwaMcWcQDM=
1619,780,AJ4dXMeAzJ5EHAA6qBe9YVFRDo0=,atK6kZqVtzri6c2H8jwaMcWcQDM=
1627,773,AJ4dXMeAzJ5EHAA6qBe9YVFRDo0=,atK6kZqVtzri6c2H8jwaMcWcQDM=
1621,770,AJ4dXMeAzJ5EHAA6qBe9YVFRDo0=,atK6kZqVtzri6c2H8jwaMcWcQDM=
1622,770,AJ4dXMeAzJ5EHAA6qBe9YVFRDo0=,atK6kZqVtzri6c2H8jwaMcWcQDM=
1620,770,AJ4dXMeAzJ5EHAA6qBe9YVFRDo0=,atK6kZqVtzri6c2H8jwaMcWcQDM=
1619,771,AJ4dXMeAzJ5EHAA6qBe9YVFRDo0=,atK6kZqVtzri6c2H8jwaMcWcQDM=
1618,770,AJ4dXMeAzJ5EHAA6qBe9YVFRDo0=,atK6kZqVtzri6c2H8jwaMcWcQDM=
1620,773,AJ4dXMeAzJ5EHAA6qBe9YVFRDo0=,atK6kZqVtzri6c2H8jwaMcWcQDM=
1616,780,AJ4dXMeAzJ5EHAA6qBe9YVFRDo0=,atK6kZqVtzri6c2H8jwaMcWcQDM=
1619,770,AJ4dXMeAzJ5EHAA6qBe9YVFRDo0=,atK6kZqVtzri6c2H8jwaMcWcQDM=
1618,771,AJ4dXMeAzJ5EHAA6qBe9YVFRDo0=,atK6kZqVtzri6c2H8jwaMcWcQDM=
1629,769,AJ4dXMeAzJ5EHAA6qBe9YVFRDo0=,atK6kZqVtzri6c2H8jwaMcWcQDM=
1631,769,AJ4dXMeAzJ5EHAA6qBe9YVFRDo0=,atK6kZqVtzri6c2H8jwaMcWcQDM=
1630,769,AJ4dXMeAzJ5EHAA6qBe9YVFRDo0=,atK6kZqVtzri6c2H8jwaMcWcQDM=
1623,771,AJ4dXMeAzJ5EHAA6qBe9YVFRDo0=,atK6kZqVtzri6c2H8jwaMcWcQDM=
1627,769,AJ4dXMeAzJ5EHAA6qBe9YVFRDo0=,atK6kZqVtzri6c2H8jwaMcWcQDM=
1628,769,AJ4dXMeAzJ5EHAA6qBe9YVFRDo0=,atK6kZqVtzri6c2H8jwaMcWcQDM=
1626,769,AJ4dXMeAzJ5EHAA6qBe9YVFRDo0=,atK6kZqVtzri6c2H8jwaMcWcQDM=
1624,769,AJ4dXMeAzJ5EHAA6qBe9YVFRDo0=,atK6kZqVtzri6c2H8jwaMcWcQDM=
1620,774,AJ4dXMeAzJ5EHAA6qBe9YVFRDo0=,atK6kZqVtzri6c2H8jwaMcWcQDM=
1625,769,AJ4dXMeAzJ5EHAA6qBe9YVFRDo0=,atK6kZqVtzri6c2H8jwaMcWcQDM=
1622,769,AJ4dXMeAzJ5EHAA6qBe9YVFRDo0=,atK6kZqVtzri6c2H8jwaMcWcQDM=
1623,770,AJ4dXMeAzJ5EHAA6qBe9YVFRDo0=,atK6kZqVtzri6c2H8jwaMcWcQDM=
1620,769,AJ4dXMeAzJ5EHAA6qBe9YVFRDo0=,atK6kZqVtzri6c2H8jwaMcWcQDM=
1621,769,AJ4dXMeAzJ5EHAA6qBe9YVFRDo0=,atK6kZqVtzri6c2H8jwaMcWcQDM=
1619,769,AJ4dXMeAzJ5EHAA6qBe9YVFRDo0=,atK6kZqVtzri6c2H8jwaMcWcQDM=
1620,772,AJ4dXMeAzJ5EHAA6qBe9YVFRDo0=,atK6kZqVtzri6c2H8jwaMcWcQDM=
1620,775,AJ4dXMeAzJ5EHAA6qBe9YVFRDo0=,atK6kZqVtzri6c2H8jwaMcWcQDM=
1623,769,AJ4dXMeAzJ5EHAA6qBe9YVFRDo0=,atK6kZqVtzri6c2H8jwaMcWcQDM=
1623,773,AJ4dXMeAzJ5EHAA6qBe9YVFRDo0=,atK6kZqVtzri6c2H8jwaMcWcQDM=
1617,771,AJ4dXMeAzJ5EHAA6qBe9YVFRDo0=,atK6kZqVtzri6c2H8jwaMcWcQDM=
1617,769,AJ4dXMeAzJ5EHAA6qBe9YVFRDo0=,atK6kZqVtzri6c2H8jwaMcWcQDM=
1625,772,AJ4dXMeAzJ5EHAA6qBe9YVFRDo0=,atK6kZqVtzri6c2H8jwaMcWcQDM=
1624,773,AJ4dXMeAzJ5EHAA6qBe9YVFRDo0=,atK6kZqVtzri6c2H8jwaMcWcQDM=
1627,772,AJ4dXMeAzJ5EHAA6qBe9YVFRDo0=,atK6kZqVtzri6c2H8jwaMcWcQDM=
1617,770,AJ4dXMeAzJ5EHAA6qBe9YVFRDo0=,atK6kZqVtzri6c2H8jwaMcWcQDM=
1616,771,AJ4dXMeAzJ5EHAA6qBe9YVFRDo0=,atK6kZqVtzri6c2H8jwaMcWcQDM=
1624,772,AJ4dXMeAzJ5EHAA6qBe9YVFRDo0=,atK6kZqVtzri6c2H8jwaMcWcQDM=
1623,772,AJ4dXMeAzJ5EHAA6qBe9YVFRDo0=,atK6kZqVtzri6c2H8jwaMcWcQDM=
1626,772,AJ4dXMeAzJ5EHAA6qBe9YVFRDo0=,atK6kZqVtzri6c2H8jwaMcWcQDM=
1616,768,AJ4dXMeAzJ5EHAA6qBe9YVFRDo0=,atK6kZqVtzri6c2H8jwaMcWcQDM=
1616,769,AJ4dXMeAzJ5EHAA6qBe9YVFRDo0=,atK6kZqVtzri6c2H8jwaMcWcQDM=
1617,768,AJ4dXMeAzJ5EHAA6qBe9YVFRDo0=,atK6kZqVtzri6c2H8jwaMcWcQDM=
1616,770,AJ4dXMeAzJ5EHAA6qBe9YVFRDo0=,atK6kZqVtzri6c2H8jwaMcWcQDM=
1604,784,zogqdH9GrQcM87EgdE0J7YRLT8A=,atK6kZqVtzri6c2H8jwaMcWcQDM=
1605,784,zogqdH9GrQcM87EgdE0J7YRLT8A=,atK6kZqVtzri6c2H8jwaMcWcQDM=
1606,784,zogqdH9GrQcM87EgdE0J7YRLT8A=,atK6kZqVtzri6c2H8jwaMcWcQDM=
1607,784,zogqdH9GrQcM87EgdE0J7YRLT8A=,atK6kZqVtzri6c2H8jwaMcWcQDM=
1609,784,zogqdH9GrQcM87EgdE0J7YRLT8A=,atK6kZqVtzri6c2H8jwaMcWcQDM=
1608,784,zogqdH9GrQcM87EgdE0J7YRLT8A=,atK6kZqVtzri6c2H8jwaMcWcQDM=
1610,784,zogqdH9GrQcM87EgdE0J7YRLT8A=,atK6kZqVtzri6c2H8jwaMcWcQDM=
1611,784,zogqdH9GrQcM87EgdE0J7YRLT8A=,atK6kZqVtzri6c2H8jwaMcWcQDM=
1612,784,zogqdH9GrQcM87EgdE0J7YRLT8A=,atK6kZqVtzri6c2H8jwaMcWcQDM=
1615,784,zogqdH9GrQcM87EgdE0J7YRLT8A=,atK6kZqVtzri6c2H8jwaMcWcQDM=
1613,784,zogqdH9GrQcM87EgdE0J7YRLT8A=,atK6kZqVtzri6c2H8jwaMcWcQDM=
1600,785,zogqdH9GrQcM87EgdE0J7YRLT8A=,atK6kZqVtzri6c2H8jwaMcWcQDM=
1614,784,zogqdH9GrQcM87EgdE0J7YRLT8A=,atK6kZqVtzri6c2H8jwaMcWcQDM=
1601,785,zogqdH9GrQcM87EgdE0J7YRLT8A=,atK6kZqVtzri6c2H8jwaMcWcQDM=
1603,784,zogqdH9GrQcM87EgdE0J7YRLT8A=,atK6kZqVtzri6c2H8jwaMcWcQDM=
1602,785,zogqdH9GrQcM87EgdE0J7YRLT8A=,atK6kZqVtzri6c2H8jwaMcWcQDM=
1603,785,zogqdH9GrQcM87EgdE0J7YRLT8A=,atK6kZqVtzri6c2H8jwaMcWcQDM=
1605,785,zogqdH9GrQcM87EgdE0J7YRLT8A=,atK6kZqVtzri6c2H8jwaMcWcQDM=
1604,785,zogqdH9GrQcM87EgdE0J7YRLT8A=,atK6kZqVtzri6c2H8jwaMcWcQDM=
1606,785,zogqdH9GrQcM87EgdE0J7YRLT8A=,atK6kZqVtzri6c2H8jwaMcWcQDM=
1602,784,zogqdH9GrQcM87EgdE0J7YRLT8A=,atK6kZqVtzri6c2H8jwaMcWcQDM=
1607,785,zogqdH9GrQcM87EgdE0J7YRLT8A=,atK6kZqVtzri6c2H8jwaMcWcQDM=
1601,784,zogqdH9GrQcM87EgdE0J7YRLT8A=,atK6kZqVtzri6c2H8jwaMcWcQDM=
1608,785,zogqdH9GrQcM87EgdE0J7YRLT8A=,atK6kZqVtzri6c2H8jwaMcWcQDM=
1600,784,zogqdH9GrQcM87EgdE0J7YRLT8A=,atK6kZqVtzri6c2H8jwaMcWcQDM=
1610,785,zogqdH9GrQcM87EgdE0J7YRLT8A=,atK6kZqVtzri6c2H8jwaMcWcQDM=
1615,799,zogqdH9GrQcM87EgdE0J7YRLT8A=,atK6kZqVtzri6c2H8jwaMcWcQDM=
1609,785,zogqdH9GrQcM87EgdE0J7YRLT8A=,atK6kZqVtzri6c2H8jwaMcWcQDM=
1612,785,zogqdH9GrQcM87EgdE0J7YRLT8A=,atK6kZqVtzri6c2H8jwaMcWcQDM=
1614,799,zogqdH9GrQcM87EgdE0J7YRLT8A=,atK6kZqVtzri6c2H8jwaMcWcQDM=
1611,785,zogqdH9GrQcM87EgdE0J7YRLT8A=,atK6kZqVtzri6c2H8jwaMcWcQDM=
1613,799,zogqdH9GrQcM87EgdE0J7YRLT8A=,atK6kZqVtzri6c2H8jwaMcWcQDM=
1614,785,zogqdH9GrQcM87EgdE0J7YRLT8A=,atK6kZqVtzri6c2H8jwaMcWcQDM=
1615,785,zogqdH9GrQcM87EgdE0J7YRLT8A=,atK6kZqVtzri6c2H8jwaMcWcQDM=
1600,786,zogqdH9GrQcM87EgdE0J7YRLT8A=,atK6kZqVtzri6c2H8jwaMcWcQDM=
1601,786,zogqdH9GrQcM87EgdE0J7YRLT8A=,atK6kZqVtzri6c2H8jwaMcWcQDM=
1612,799,zogqdH9GrQcM87EgdE0J7YRLT8A=,atK6kZqVtzri6c2H8jwaMcWcQDM=
1613,785,zogqdH9GrQcM87EgdE0J7YRLT8A=,atK6kZqVtzri6c2H8jwaMcWcQDM=
1610,799,zogqdH9GrQcM87EgdE0J7YRLT8A=,atK6kZqVtzri6c2H8jwaMcWcQDM=
1602,786,zogqdH9GrQcM87EgdE0J7YRLT8A=,atK6kZqVtzri6c2H8jwaMcWcQDM=
1611,799,zogqdH9GrQcM87EgdE0J7YRLT8A=,atK6kZqVtzri6c2H8jwaMcWcQDM=
1609,799,zogqdH9GrQcM87EgdE0J7YRLT8A=,atK6kZqVtzri6c2H8jwaMcWcQDM=
1603,786,zogqdH9GrQcM87EgdE0J7YRLT8A=,atK6kZqVtzri6c2H8jwaMcWcQDM=
1608,799,zogqdH9GrQcM87EgdE0J7YRLT8A=,atK6kZqVtzri6c2H8jwaMcWcQDM=
1604,786,zogqdH9GrQcM87EgdE0J7YRLT8A=,atK6kZqVtzri6c2H8jwaMcWcQDM=
1607,799,zogqdH9GrQcM87EgdE0J7YRLT8A=,atK6kZqVtzri6c2H8jwaMcWcQDM=
1606,799,zogqdH9GrQcM87EgdE0J7YRLT8A=,atK6kZqVtzri6c2H8jwaMcWcQDM=
1606,786,zogqdH9GrQcM87EgdE0J7YRLT8A=,atK6kZqVtzri6c2H8jwaMcWcQDM=
1607,786,zogqdH9GrQcM87EgdE0J7YRLT8A=,atK6kZqVtzri6c2H8jwaMcWcQDM=
1605,786,zogqdH9GrQcM87EgdE0J7YRLT8A=,atK6kZqVtzri6c2H8jwaMcWcQDM=
1604,799,zogqdH9GrQcM87EgdE0J7YRLT8A=,atK6kZqVtzri6c2H8jwaMcWcQDM=
1605,799,zogqdH9GrQcM87EgdE0J7YRLT8A=,atK6kZqVtzri6c2H8jwaMcWcQDM=
1608,786,zogqdH9GrQcM87EgdE0J7YRLT8A=,atK6kZqVtzri6c2H8jwaMcWcQDM=
1609,786,zogqdH9GrQcM87EgdE0J7YRLT8A=,atK6kZqVtzri6c2H8jwaMcWcQDM=
1602,799,zogqdH9GrQcM87EgdE0J7YRLT8A=,atK6kZqVtzri6c2H8jwaMcWcQDM=
1600,799,zogqdH9GrQcM87EgdE0J7YRLT8A=,atK6kZqVtzri6c2H8jwaMcWcQDM=
1601,799,zogqdH9GrQcM87EgdE0J7YRLT8A=,atK6kZqVtzri6c2H8jwaMcWcQDM=
1610,786,zogqdH9GrQcM87EgdE0J7YRLT8A=,atK6kZqVtzri6c2H8jwaMcWcQDM=
1615,798,zogqdH9GrQcM87EgdE0J7YRLT8A=,atK6kZqVtzri6c2H8jwaMcWcQDM=
1603,799,zogqdH9GrQcM87EgdE0J7YRLT8A=,atK6kZqVtzri6c2H8jwaMcWcQDM=
1611,786,zogqdH9GrQcM87EgdE0J7YRLT8A=,atK6kZqVtzri6c2H8jwaMcWcQDM=
1613,798,zogqdH9GrQcM87EgdE0J7YRLT8A=,atK6kZqVtzri6c2H8jwaMcWcQDM=
1614,798,zogqdH9GrQcM87EgdE0J7YRLT8A=,atK6kZqVtzri6c2H8jwaMcWcQDM=
1612,786,zogqdH9GrQcM87EgdE0J7YRLT8A=,atK6kZqVtzri6c2H8jwaMcWcQDM=
1612,798,zogqdH9GrQcM87EgdE0J7YRLT8A=,atK6kZqVtzri6c2H8jwaMcWcQDM=
1611,798,zogqdH9GrQcM87EgdE0J7YRLT8A=,atK6kZqVtzri6c2H8jwaMcWcQDM=
1609,798,zogqdH9GrQcM87EgdE0J7YRLT8A=,atK6kZqVtzri6c2H8jwaMcWcQDM=
1613,786,zogqdH9GrQcM87EgdE0J7YRLT8A=,atK6kZqVtzri6c2H8jwaMcWcQDM=
1610,798,zogqdH9GrQcM87EgdE0J7YRLT8A=,atK6kZqVtzri6c2H8jwaMcWcQDM=
1607,798,zogqdH9GrQcM87EgdE0J7YRLT8A=,atK6kZqVtzri6c2H8jwaMcWcQDM=
1608,798,zogqdH9GrQcM87EgdE0J7YRLT8A=,atK6kZqVtzri6c2H8jwaMcWcQDM=
1614,786,zogqdH9GrQcM87EgdE0J7YRLT8A=,atK6kZqVtzri6c2H8jwaMcWcQDM=
1604,798,zogqdH9GrQcM87EgdE0J7YRLT8A=,atK6kZqVtzri6c2H8jwaMcWcQDM=
1605,798,zogqdH9GrQcM87EgdE0J7YRLT8A=,atK6kZqVtzri6c2H8jwaMcWcQDM=
1615,786,zogqdH9GrQcM87EgdE0J7YRLT8A=,atK6kZqVtzri6c2H8jwaMcWcQDM=
1600,787,zogqdH9GrQcM87EgdE0J7YRLT8A=,atK6kZqVtzri6c2H8jwaMcWcQDM=
1606,798,zogqdH9GrQcM87EgdE0J7YRLT8A=,atK6kZqVtzri6c2H8jwaMcWcQDM=
1601,787,zogqdH9GrQcM87EgdE0J7YRLT8A=,atK6kZqVtzri6c2H8jwaMcWcQDM=
1602,798,zogqdH9GrQcM87EgdE0J7YRLT8A=,atK6kZqVtzri6c2H8jwaMcWcQDM=
1601,798,zogqdH9GrQcM87EgdE0J7YRLT8A=,atK6kZqVtzri6c2H8jwaMcWcQDM=
1603,798,zogqdH9GrQcM87EgdE0J7YRLT8A=,atK6kZqVtzri6c2H8jwaMcWcQDM=
1600,798,zogqdH9GrQcM87EgdE0J7YRLT8A=,atK6kZqVtzri6c2H8jwaMcWcQDM=
1602,787,zogqdH9GrQcM87EgdE0J7YRLT8A=,atK6kZqVtzri6c2H8jwaMcWcQDM=
1614,797,zogqdH9GrQcM87EgdE0J7YRLT8A=,atK6kZqVtzri6c2H8jwaMcWcQDM=
1613,797,zogqdH9GrQcM87EgdE0J7YRLT8A=,atK6kZqVtzri6c2H8jwaMcWcQDM=
1615,797,zogqdH9GrQcM87EgdE0J7YRLT8A=,atK6kZqVtzri6c2H8jwaMcWcQDM=
1611,797,zogqdH9GrQcM87EgdE0J7YRLT8A=,atK6kZqVtzri6c2H8jwaMcWcQDM=
1603,787,zogqdH9GrQcM87EgdE0J7YRLT8A=,atK6kZqVtzri6c2H8jwaMcWcQDM=
1612,797,zogqdH9GrQcM87EgdE0J7YRLT8A=,atK6kZqVtzri6c2H8jwaMcWcQDM=
1610,797,zogqdH9GrQcM87EgdE0J7YRLT8A=,atK6kZqVtzri6c2H8jwaMcWcQDM=
1604,787,zogqdH9GrQcM87EgdE0J7YRLT8A=,atK6kZqVtzri6c2H8jwaMcWcQDM=
1608,797,zogqdH9GrQcM87EgdE0J7YRLT8A=,atK6kZqVtzri6c2H8jwaMcWcQDM=
1607,797,zogqdH9GrQcM87EgdE0J7YRLT8A=,atK6kZqVtzri6c2H8jwaMcWcQDM=
1609,797,zogqdH9GrQcM87EgdE0J7YRLT8A=,atK6kZqVtzri6c2H8jwaMcWcQDM=
1605,787,zogqdH9GrQcM87EgdE0J7YRLT8A=,atK6kZqVtzri6c2H8jwaMcWcQDM=
1605,797,zogqdH9GrQcM87EgdE0J7YRLT8A=,atK6kZqVtzri6c2H8jwaMcWcQDM=
1606,797,zogqdH9GrQcM87EgdE0J7YRLT8A=,atK6kZqVtzri6c2H8jwaMcWcQDM=
1604,797,zogqdH9GrQcM87EgdE0J7YRLT8A=,atK6kZqVtzri6c2H8jwaMcWcQDM=
1606,787,zogqdH9GrQcM87EgdE0J7YRLT8A=,atK6kZqVtzri6c2H8jwaMcWcQDM=
1603,797,zogqdH9GrQcM87EgdE0J7YRLT8A=,atK6kZqVtzri6c2H8jwaMcWcQDM=
1607,787,zogqdH9GrQcM87EgdE0J7YRLT8A=,atK6kZqVtzri6c2H8jwaMcWcQDM=
1602,797,zogqdH9GrQcM87EgdE0J7YRLT8A=,atK6kZqVtzri6c2H8jwaMcWcQDM=
1600,797,zogqdH9GrQcM87EgdE0J7YRLT8A=,atK6kZqVtzri6c2H8jwaMcWcQDM=
1601,797,zogqdH9GrQcM87EgdE0J7YRLT8A=,atK6kZqVtzri6c2H8jwaMcWcQDM=
1613,796,zogqdH9GrQcM87EgdE0J7YRLT8A=,atK6kZqVtzri6c2H8jwaMcWcQDM=
1608,787,zogqdH9GrQcM87EgdE0J7YRLT8A=,atK6kZqVtzri6c2H8jwaMcWcQDM=
1614,796,zogqdH9GrQcM87EgdE0J7YRLT8A=,atK6kZqVtzri6c2H8jwaMcWcQDM=
1609,787,zogqdH9GrQcM87EgdE0J7YRLT8A=,atK6kZqVtzri6c2H8jwaMcWcQDM=
1612,796,zogqdH9GrQcM87EgdE0J7YRLT8A=,atK6kZqVtzri6c2H8jwaMcWcQDM=
1615,796,zogqdH9GrQcM87EgdE0J7YRLT8A=,atK6kZqVtzri6c2H8jwaMcWcQDM=
1610,787,zogqdH9GrQcM87EgdE0J7YRLT8A=,atK6kZqVtzri6c2H8jwaMcWcQDM=
1611,796,zogqdH9GrQcM87EgdE0J7YRLT8A=,atK6kZqVtzri6c2H8jwaMcWcQDM=
1609,796,zogqdH9GrQcM87EgdE0J7YRLT8A=,atK6kZqVtzri6c2H8jwaMcWcQDM=
1610,796,zogqdH9GrQcM87EgdE0J7YRLT8A=,atK6kZqVtzri6c2H8jwaMcWcQDM=
1611,787,zogqdH9GrQcM87EgdE0J7YRLT8A=,atK6kZqVtzri6c2H8jwaMcWcQDM=
1607,796,zogqdH9GrQcM87EgdE0J7YRLT8A=,atK6kZqVtzri6c2H8jwaMcWcQDM=
1608,796,zogqdH9GrQcM87EgdE0J7YRLT8A=,atK6kZqVtzri6c2H8jwaMcWcQDM=
1605,796,zogqdH9GrQcM87EgdE0J7YRLT8A=,atK6kZqVtzri6c2H8jwaMcWcQDM=
1606,796,zogqdH9GrQcM87EgdE0J7YRLT8A=,atK6kZqVtzri6c2H8jwaMcWcQDM=
1612,787,zogqdH9GrQcM87EgdE0J7YRLT8A=,atK6kZqVtzri6c2H8jwaMcWcQDM=
1604,796,zogqdH9GrQcM87EgdE0J7YRLT8A=,atK6kZqVtzri6c2H8jwaMcWcQDM=
1603,796,zogqdH9GrQcM87EgdE0J7YRLT8A=,atK6kZqVtzri6c2H8jwaMcWcQDM=
1602,796,zogqdH9GrQcM87EgdE0J7YRLT8A=,atK6kZqVtzri6c2H8jwaMcWcQDM=
1601,796,zogqdH9GrQcM87EgdE0J7YRLT8A=,atK6kZqVtzri6c2H8jwaMcWcQDM=
1615,795,zogqdH9GrQcM87EgdE0J7YRLT8A=,atK6kZqVtzri6c2H8jwaMcWcQDM=
1614,795,zogqdH9GrQcM87EgdE0J7YRLT8A=,atK6kZqVtzri6c2H8jwaMcWcQDM=
1600,796,zogqdH9GrQcM87EgdE0J7YRLT8A=,atK6kZqVtzri6c2H8jwaMcWcQDM=
1610,795,zogqdH9GrQcM87EgdE0J7YRLT8A=,atK6kZqVtzri6c2H8jwaMcWcQDM=
1613,795,zogqdH9GrQcM87EgdE0J7YRLT8A=,atK6kZqVtzri6c2H8jwaMcWcQDM=
1611,795,zogqdH9GrQcM87EgdE0J7YRLT8A=,atK6kZqVtzri6c2H8jwaMcWcQDM=
1613,787,zogqdH9GrQcM87EgdE0J7YRLT8A=,atK6kZqVtzri6c2H8jwaMcWcQDM=
1612,795,zogqdH9GrQcM87EgdE0J7YRLT8A=,atK6kZqVtzri6c2H8jwaMcWcQDM=
1608,795,zogqdH9GrQcM87EgdE0J7YRLT8A=,atK6kZqVtzri6c2H8jwaMcWcQDM=
1607,795,zogqdH9GrQcM87EgdE0J7YRLT8A=,atK6kZqVtzri6c2H8jwaMcWcQDM=
1609,795,zogqdH9GrQcM87EgdE0J7YRLT8A=,atK6kZqVtzri6c2H8jwaMcWcQDM=
1614,787,zogqdH9GrQcM87EgdE0J7YRLT8A=,atK6kZqVtzri6c2H8jwaMcWcQDM=
1604,795,zogqdH9GrQcM87EgdE0J7YRLT8A=,atK6kZqVtzri6c2H8jwaMcWcQDM=
1606,795,zogqdH9GrQcM87EgdE0J7YRLT8A=,atK6kZqVtzri6c2H8jwaMcWcQDM=
1603,795,zogqdH9GrQcM87EgdE0J7YRLT8A=,atK6kZqVtzri6c2H8jwaMcWcQDM=
1615,787,zogqdH9GrQcM87EgdE0J7YRLT8A=,atK6kZqVtzri6c2H8jwaMcWcQDM=
1605,795,zogqdH9GrQcM87EgdE0J7YRLT8A=,atK6kZqVtzri6c2H8jwaMcWcQDM=
1602,795,zogqdH9GrQcM87EgdE0J7YRLT8A=,atK6kZqVtzri6c2H8jwaMcWcQDM=
1615,794,zogqdH9GrQcM87EgdE0J7YRLT8A=,atK6kZqVtzri6c2H8jwaMcWcQDM=
1601,795,zogqdH9GrQcM87EgdE0J7YRLT8A=,atK6kZqVtzri6c2H8jwaMcWcQDM=
1600,795,zogqdH9GrQcM87EgdE0J7YRLT8A=,atK6kZqVtzri6c2H8jwaMcWcQDM=
1600,788,zogqdH9GrQcM87EgdE0J7YRLT8A=,atK6kZqVtzri6c2H8jwaMcWcQDM=
1612,794,zogqdH9GrQcM87EgdE0J7YRLT8A=,atK6kZqVtzri6c2H8jwaMcWcQDM=
1613,794,zogqdH9GrQcM87EgdE0J7YRLT8A=,atK6kZqVtzri6c2H8jwaMcWcQDM=
1614,794,zogqdH9GrQcM87EgdE0J7YRLT8A=,atK6kZqVtzri6c2H8jwaMcWcQDM=
1611,794,zogqdH9GrQcM87EgdE0J7YRLT8A=,atK6kZqVtzri6c2H8jwaMcWcQDM=
1609,794,zogqdH9GrQcM87EgdE0J7YRLT8A=,atK6kZqVtzri6c2H8jwaMcWcQDM=
1607,794,zogqdH9GrQcM87EgdE0J7YRLT8A=,atK6kZqVtzri6c2H8jwaMcWcQDM=
1610,794,zogqdH9GrQcM87EgdE0J7YRLT8A=,atK6kZqVtzri6c2H8jwaMcWcQDM=
1606,794,zogqdH9GrQcM87EgdE0J7YRLT8A=,atK6kZqVtzri6c2H8jwaMcWcQDM=
1601,788,zogqdH9GrQcM87EgdE0J7YRLT8A=,atK6kZqVtzri6c2H8jwaMcWcQDM=
1605,794,zogqdH9GrQcM87EgdE0J7YRLT8A=,atK6kZqVtzri6c2H8jwaMcWcQDM=
1602,794,zogqdH9GrQcM87EgdE0J7YRLT8A=,atK6kZqVtzri6c2H8jwaMcWcQDM=
1601,794,zogqdH9GrQcM87EgdE0J7YRLT8A=,atK6kZqVtzri6c2H8jwaMcWcQDM=
1608,794,zogqdH9GrQcM87EgdE0J7YRLT8A=,atK6kZqVtzri6c2H8jwaMcWcQDM=
1603,794,zogqdH9GrQcM87EgdE0J7YRLT8A=,atK6kZqVtzri6c2H8jwaMcWcQDM=
1602,788,zogqdH9GrQcM87EgdE0J7YRLT8A=,atK6kZqVtzri6c2H8jwaMcWcQDM=
1615,793,zogqdH9GrQcM87EgdE0J7YRLT8A=,atK6kZqVtzri6c2H8jwaMcWcQDM=
1614,793,zogqdH9GrQcM87EgdE0J7YRLT8A=,atK6kZqVtzri6c2H8jwaMcWcQDM=
1604,794,zogqdH9GrQcM87EgdE0J7YRLT8A=,atK6kZqVtzri6c2H8jwaMcWcQDM=
1612,793,zogqdH9GrQcM87EgdE0J7YRLT8A=,atK6kZqVtzri6c2H8jwaMcWcQDM=
1610,793,zogqdH9GrQcM87EgdE0J7YRLT8A=,atK6kZqVtzri6c2H8jwaMcWcQDM=
1613,793,zogqdH9GrQcM87EgdE0J7YRLT8A=,atK6kZqVtzri6c2H8jwaMcWcQDM=
1611,793,zogqdH9GrQcM87EgdE0J7YRLT8A=,atK6kZqVtzri6c2H8jwaMcWcQDM=
1609,793,zogqdH9GrQcM87EgdE0J7YRLT8A=,atK6kZqVtzri6c2H8jwaMcWcQDM=
1606,793,zogqdH9GrQcM87EgdE0J7YRLT8A=,atK6kZqVtzri6c2H8jwaMcWcQDM=
1603,788,zogqdH9GrQcM87EgdE0J7YRLT8A=,atK6kZqVtzri6c2H8jwaMcWcQDM=
1603,793,zogqdH9GrQcM87EgdE0J7YRLT8A=,atK6kZqVtzri6c2H8jwaMcWcQDM=
1605,793,zogqdH9GrQcM87EgdE0J7YRLT8A=,atK6kZqVtzri6c2H8jwaMcWcQDM=
1604,793,zogqdH9GrQcM87EgdE0J7YRLT8A=,atK6kZqVtzri6c2H8jwaMcWcQDM=
1607,793,zogqdH9GrQcM87EgdE0J7YRLT8A=,atK6kZqVtzri6c2H8jwaMcWcQDM=
1604,788,zogqdH9GrQcM87EgdE0J7YRLT8A=,atK6kZqVtzri6c2H8jwaMcWcQDM=
1600,794,zogqdH9GrQcM87EgdE0J7YRLT8A=,atK6kZqVtzri6c2H8jwaMcWcQDM=
1614,792,zogqdH9GrQcM87EgdE0J7YRLT8A=,atK6kZqVtzri6c2H8jwaMcWcQDM=
1601,793,zogqdH9GrQcM87EgdE0J7YRLT8A=,atK6kZqVtzri6c2H8jwaMcWcQDM=
1602,793,zogqdH9GrQcM87EgdE0J7YRLT8A=,atK6kZqVtzri6c2H8jwaMcWcQDM=
1615,792,zogqdH9GrQcM87EgdE0J7YRLT8A=,atK6kZqVtzri6c2H8jwaMcWcQDM=
1613,792,zogqdH9GrQcM87EgdE0J7YRLT8A=,atK6kZqVtzri6c2H8jwaMcWcQDM=
1611,792,zogqdH9GrQcM87EgdE0J7YRLT8A=,atK6kZqVtzri6c2H8jwaMcWcQDM=
1600,793,zogqdH9GrQcM87EgdE0J7YRLT8A=,atK6kZqVtzri6c2H8jwaMcWcQDM=
1609,792,zogqdH9GrQcM87EgdE0J7YRLT8A=,atK6kZqVtzri6c2H8jwaMcWcQDM=
1612,792,zogqdH9GrQcM87EgdE0J7YRLT8A=,atK6kZqVtzri6c2H8jwaMcWcQDM=
1605,788,zogqdH9GrQcM87EgdE0J7YRLT8A=,atK6kZqVtzri6c2H8jwaMcWcQDM=
1605,792,zogqdH9GrQcM87EgdE0J7YRLT8A=,atK6kZqVtzri6c2H8jwaMcWcQDM=
1610,792,zogqdH9GrQcM87EgdE0J7YRLT8A=,atK6kZqVtzri6c2H8jwaMcWcQDM=
1600,792,zogqdH9GrQcM87EgdE0J7YRLT8A=,atK6kZqVtzri6c2H8jwaMcWcQDM=
1608,792,zogqdH9GrQcM87EgdE0J7YRLT8A=,atK6kZqVtzri6c2H8jwaMcWcQDM=
1602,792,zogqdH9GrQcM87EgdE0J7YRLT8A=,atK6kZqVtzri6c2H8jwaMcWcQDM=
1606,792,zogqdH9GrQcM87EgdE0J7YRLT8A=,atK6kZqVtzri6c2H8jwaMcWcQDM=
1603,792,zogqdH9GrQcM87EgdE0J7YRLT8A=,atK6kZqVtzri6c2H8jwaMcWcQDM=
1607,792,zogqdH9GrQcM87EgdE0J7YRLT8A=,atK6kZqVtzri6c2H8jwaMcWcQDM=
1613,791,zogqdH9GrQcM87EgdE0J7YRLT8A=,atK6kZqVtzri6c2H8jwaMcWcQDM=
1606,788,zogqdH9GrQcM87EgdE0J7YRLT8A=,atK6kZqVtzri6c2H8jwaMcWcQDM=
1601,792,zogqdH9GrQcM87EgdE0J7YRLT8A=,atK6kZqVtzri6c2H8jwaMcWcQDM=
1612,791,zogqdH9GrQcM87EgdE0J7YRLT8A=,atK6kZqVtzri6c2H8jwaMcWcQDM=
1615,791,zogqdH9GrQcM87EgdE0J7YRLT8A=,atK6kZqVtzri6c2H8jwaMcWcQDM=
1608,793,zogqdH9GrQcM87EgdE0J7YRLT8A=,atK6kZqVtzri6c2H8jwaMcWcQDM=
1604,792,zogqdH9GrQcM87EgdE0J7YRLT8A=,atK6kZqVtzri6c2H8jwaMcWcQDM=
1614,791,zogqdH9GrQcM87EgdE0J7YRLT8A=,atK6kZqVtzri6c2H8jwaMcWcQDM=
1606,791,zogqdH9GrQcM87EgdE0J7YRLT8A=,atK6kZqVtzri6c2H8jwaMcWcQDM=
1609,791,zogqdH9GrQcM87EgdE0J7YRLT8A=,atK6kZqVtzri6c2H8jwaMcWcQDM=
1608,791,zogqdH9GrQcM87EgdE0J7YRLT8A=,atK6kZqVtzri6c2H8jwaMcWcQDM=
1607,791,zogqdH9GrQcM87EgdE0J7YRLT8A=,atK6kZqVtzri6c2H8jwaMcWcQDM=
1611,791,zogqdH9GrQcM87EgdE0J7YRLT8A=,atK6kZqVtzri6c2H8jwaMcWcQDM=
1610,791,zogqdH9GrQcM87EgdE0J7YRLT8A=,atK6kZqVtzri6c2H8jwaMcWcQDM=
1603,791,zogqdH9GrQcM87EgdE0J7YRLT8A=,atK6kZqVtzri6c2H8jwaMcWcQDM=
1605,791,zogqdH9GrQcM87EgdE0J7YRLT8A=,atK6kZqVtzri6c2H8jwaMcWcQDM=
1604,791,zogqdH9GrQcM87EgdE0J7YRLT8A=,atK6kZqVtzri6c2H8jwaMcWcQDM=
1615,790,zogqdH9GrQcM87EgdE0J7YRLT8A=,atK6kZqVtzri6c2H8jwaMcWcQDM=
1601,791,zogqdH9GrQcM87EgdE0J7YRLT8A=,atK6kZqVtzri6c2H8jwaMcWcQDM=
1607,788,zogqdH9GrQcM87EgdE0J7YRLT8A=,atK6kZqVtzri6c2H8jwaMcWcQDM=
1600,791,zogqdH9GrQcM87EgdE0J7YRLT8A=,atK6kZqVtzri6c2H8jwaMcWcQDM=
1611,790,zogqdH9GrQcM87EgdE0J7YRLT8A=,atK6kZqVtzri6c2H8jwaMcWcQDM=
1602,791,zogqdH9GrQcM87EgdE0J7YRLT8A=,atK6kZqVtzri6c2H8jwaMcWcQDM=
1607,790,zogqdH9GrQcM87EgdE0J7YRLT8A=,atK6kZqVtzri6c2H8jwaMcWcQDM=
1603,790,zogqdH9GrQcM87EgdE0J7YRLT8A=,atK6kZqVtzri6c2H8jwaMcWcQDM=
1614,790,zogqdH9GrQcM87EgdE0J7YRLT8A=,atK6kZqVtzri6c2H8jwaMcWcQDM=
1612,790,zogqdH9GrQcM87EgdE0J7YRLT8A=,atK6kZqVtzri6c2H8jwaMcWcQDM=
1606,790,zogqdH9GrQcM87EgdE0J7YRLT8A=,atK6kZqVtzri6c2H8jwaMcWcQDM=
1604,790,zogqdH9GrQcM87EgdE0J7YRLT8A=,atK6kZqVtzri6c2H8jwaMcWcQDM=
1612,789,zogqdH9GrQcM87EgdE0J7YRLT8A=,atK6kZqVtzri6c2H8jwaMcWcQDM=
1611,789,zogqdH9GrQcM87EgdE0J7YRLT8A=,atK6kZqVtzri6c2H8jwaMcWcQDM=
1614,789,zogqdH9GrQcM87EgdE0J7YRLT8A=,atK6kZqVtzri6c2H8jwaMcWcQDM=
1613,790,zogqdH9GrQcM87EgdE0J7YRLT8A=,atK6kZqVtzri6c2H8jwaMcWcQDM=
1608,789,zogqdH9GrQcM87EgdE0J7YRLT8A=,atK6kZqVtzri6c2H8jwaMcWcQDM=
1601,790,zogqdH9GrQcM87EgdE0J7YRLT8A=,atK6kZqVtzri6c2H8jwaMcWcQDM=
1602,790,zogqdH9GrQcM87EgdE0J7YRLT8A=,atK6kZqVtzri6c2H8jwaMcWcQDM=
1608,790,zogqdH9GrQcM87EgdE0J7YRLT8A=,atK6kZqVtzri6c2H8jwaMcWcQDM=
1608,788,zogqdH9GrQcM87EgdE0J7YRLT8A=,atK6kZqVtzri6c2H8jwaMcWcQDM=
1600,790,zogqdH9GrQcM87EgdE0J7YRLT8A=,atK6kZqVtzri6c2H8jwaMcWcQDM=
1606,789,zogqdH9GrQcM87EgdE0J7YRLT8A=,atK6kZqVtzri6c2H8jwaMcWcQDM=
1602,789,zogqdH9GrQcM87EgdE0J7YRLT8A=,atK6kZqVtzri6c2H8jwaMcWcQDM=
1610,790,zogqdH9GrQcM87EgdE0J7YRLT8A=,atK6kZqVtzri6c2H8jwaMcWcQDM=
1609,790,zogqdH9GrQcM87EgdE0J7YRLT8A=,atK6kZqVtzri6c2H8jwaMcWcQDM=
1609,789,zogqdH9GrQcM87EgdE0J7YRLT8A=,atK6kZqVtzri6c2H8jwaMcWcQDM=
1615,789,zogqdH9GrQcM87EgdE0J7YRLT8A=,atK6kZqVtzri6c2H8jwaMcWcQDM=
1604,789,zogqdH9GrQcM87EgdE0J7YRLT8A=,atK6kZqVtzri6c2H8jwaMcWcQDM=
1607,789,zogqdH9GrQcM87EgdE0J7YRLT8A=,atK6kZqVtzri6c2H8jwaMcWcQDM=
1605,790,zogqdH9GrQcM87EgdE0J7YRLT8A=,atK6kZqVtzri6c2H8jwaMcWcQDM=
1601,789,zogqdH9GrQcM87EgdE0J7YRLT8A=,atK6kZqVtzri6c2H8jwaMcWcQDM=
1613,789,zogqdH9GrQcM87EgdE0J7YRLT8A=,atK6kZqVtzri6c2H8jwaMcWcQDM=
1613,788,zogqdH9GrQcM87EgdE0J7YRLT8A=,atK6kZqVtzri6c2H8jwaMcWcQDM=
1612,788,zogqdH9GrQcM87EgdE0J7YRLT8A=,atK6kZqVtzri6c2H8jwaMcWcQDM=
1603,789,zogqdH9GrQcM87EgdE0J7YRLT8A=,atK6kZqVtzri6c2H8jwaMcWcQDM=
1609,788,zogqdH9GrQcM87EgdE0J7YRLT8A=,atK6kZqVtzri6c2H8jwaMcWcQDM=
1614,788,zogqdH9GrQcM87EgdE0J7YRLT8A=,atK6kZqVtzri6c2H8jwaMcWcQDM=
1615,788,zogqdH9GrQcM87EgdE0J7YRLT8A=,atK6kZqVtzri6c2H8jwaMcWcQDM=
1610,788,zogqdH9GrQcM87EgdE0J7YRLT8A=,atK6kZqVtzri6c2H8jwaMcWcQDM=
1605,789,zogqdH9GrQcM87EgdE0J7YRLT8A=,atK6kZqVtzri6c2H8jwaMcWcQDM=
1611,788,zogqdH9GrQcM87EgdE0J7YRLT8A=,atK6kZqVtzri6c2H8jwaMcWcQDM=
1600,789,zogqdH9GrQcM87EgdE0J7YRLT8A=,atK6kZqVtzri6c2H8jwaMcWcQDM=
1610,789,zogqdH9GrQcM87EgdE0J7YRLT8A=,atK6kZqVtzri6c2H8jwaMcWcQDM=
1618,784,zUIfuNuqkMW64Qvrh2sAqf5xalE=,atK6kZqVtzri6c2H8jwaMcWcQDM=
1616,784,zUIfuNuqkMW64Qvrh2sAqf5xalE=,atK6kZqVtzri6c2H8jwaMcWcQDM=
1617,784,zUIfuNuqkMW64Qvrh2sAqf5xalE=,atK6kZqVtzri6c2H8jwaMcWcQDM=
1619,784,zUIfuNuqkMW64Qvrh2sAqf5xalE=,atK6kZqVtzri6c2H8jwaMcWcQDM=
1620,784,zUIfuNuqkMW64Qvrh2sAqf5xalE=,atK6kZqVtzri6c2H8jwaMcWcQDM=
1621,784,zUIfuNuqkMW64Qvrh2sAqf5xalE=,atK6kZqVtzri6c2H8jwaMcWcQDM=
1623,784,zUIfuNuqkMW64Qvrh2sAqf5xalE=,atK6kZqVtzri6c2H8jwaMcWcQDM=
1627,799,zUIfuNuqkMW64Qvrh2sAqf5xalE=,atK6kZqVtzri6c2H8jwaMcWcQDM=
1626,799,zUIfuNuqkMW64Qvrh2sAqf5xalE=,atK6kZqVtzri6c2H8jwaMcWcQDM=
1622,784,zUIfuNuqkMW64Qvrh2sAqf5xalE=,atK6kZqVtzri6c2H8jwaMcWcQDM=
1625,799,zUIfuNuqkMW64Qvrh2sAqf5xalE=,atK6kZqVtzri6c2H8jwaMcWcQDM=
1624,799,zUIfuNuqkMW64Qvrh2sAqf5xalE=,atK6kZqVtzri6c2H8jwaMcWcQDM=
1623,799,zUIfuNuqkMW64Qvrh2sAqf5xalE=,atK6kZqVtzri6c2H8jwaMcWcQDM=
1620,799,zUIfuNuqkMW64Qvrh2sAqf5xalE=,atK6kZqVtzri6c2H8jwaMcWcQDM=
1622,799,zUIfuNuqkMW64Qvrh2sAqf5xalE=,atK6kZqVtzri6c2H8jwaMcWcQDM=
1621,799,zUIfuNuqkMW64Qvrh2sAqf5xalE=,atK6kZqVtzri6c2H8jwaMcWcQDM=
1619,799,zUIfuNuqkMW64Qvrh2sAqf5xalE=,atK6kZqVtzri6c2H8jwaMcWcQDM=
1618,799,zUIfuNuqkMW64Qvrh2sAqf5xalE=,atK6kZqVtzri6c2H8jwaMcWcQDM=
1617,799,zUIfuNuqkMW64Qvrh2sAqf5xalE=,atK6kZqVtzri6c2H8jwaMcWcQDM=
1616,799,zUIfuNuqkMW64Qvrh2sAqf5xalE=,atK6kZqVtzri6c2H8jwaMcWcQDM=
1631,798,zUIfuNuqkMW64Qvrh2sAqf5xalE=,atK6kZqVtzri6c2H8jwaMcWcQDM=
1627,798,zUIfuNuqkMW64Qvrh2sAqf5xalE=,atK6kZqVtzri6c2H8jwaMcWcQDM=
1630,798,zUIfuNuqkMW64Qvrh2sAqf5xalE=,atK6kZqVtzri6c2H8jwaMcWcQDM=
1626,798,zUIfuNuqkMW64Qvrh2sAqf5xalE=,atK6kZqVtzri6c2H8jwaMcWcQDM=
1625,798,zUIfuNuqkMW64Qvrh2sAqf5xalE=,atK6kZqVtzri6c2H8jwaMcWcQDM=
1624,798,zUIfuNuqkMW64Qvrh2sAqf5xalE=,atK6kZqVtzri6c2H8jwaMcWcQDM=
1623,798,zUIfuNuqkMW64Qvrh2sAqf5xalE=,atK6kZqVtzri6c2H8jwaMcWcQDM=
1622,798,zUIfuNuqkMW64Qvrh2sAqf5xalE=,atK6kZqVtzri6c2H8jwaMcWcQDM=
1621,798,zUIfuNuqkMW64Qvrh2sAqf5xalE=,atK6kZqVtzri6c2H8jwaMcWcQDM=
1619,798,zUIfuNuqkMW64Qvrh2sAqf5xalE=,atK6kZqVtzri6c2H8jwaMcWcQDM=
1620,798,zUIfuNuqkMW64Qvrh2sAqf5xalE=,atK6kZqVtzri6c2H8jwaMcWcQDM=
1618,798,zUIfuNuqkMW64Qvrh2sAqf5xalE=,atK6kZqVtzri6c2H8jwaMcWcQDM=
1629,798,zUIfuNuqkMW64Qvrh2sAqf5xalE=,atK6kZqVtzri6c2H8jwaMcWcQDM=
1617,798,zUIfuNuqkMW64Qvrh2sAqf5xalE=,atK6kZqVtzri6c2H8jwaMcWcQDM=
1616,798,zUIfuNuqkMW64Qvrh2sAqf5xalE=,atK6kZqVtzri6c2H8jwaMcWcQDM=
1630,797,zUIfuNuqkMW64Qvrh2sAqf5xalE=,atK6kZqVtzri6c2H8jwaMcWcQDM=
1627,797,zUIfuNuqkMW64Qvrh2sAqf5xalE=,atK6kZqVtzri6c2H8jwaMcWcQDM=
1629,797,zUIfuNuqkMW64Qvrh2sAqf5xalE=,atK6kZqVtzri6c2H8jwaMcWcQDM=
1626,797,zUIfuNuqkMW64Qvrh2sAqf5xalE=,atK6kZqVtzri6c2H8jwaMcWcQDM=
1631,797,zUIfuNuqkMW64Qvrh2sAqf5xalE=,atK6kZqVtzri6c2H8jwaMcWcQDM=
1625,797,zUIfuNuqkMW64Qvrh2sAqf5xalE=,atK6kZqVtzri6c2H8jwaMcWcQDM=
1623,797,zUIfuNuqkMW64Qvrh2sAqf5xalE=,atK6kZqVtzri6c2H8jwaMcWcQDM=
1624,797,zUIfuNuqkMW64Qvrh2sAqf5xalE=,atK6kZqVtzri6c2H8jwaMcWcQDM=
1622,797,zUIfuNuqkMW64Qvrh2sAqf5xalE=,atK6kZqVtzri6c2H8jwaMcWcQDM=
1624,784,zUIfuNuqkMW64Qvrh2sAqf5xalE=,atK6kZqVtzri6c2H8jwaMcWcQDM=
1620,797,zUIfuNuqkMW64Qvrh2sAqf5xalE=,atK6kZqVtzri6c2H8jwaMcWcQDM=
1621,797,zUIfuNuqkMW64Qvrh2sAqf5xalE=,atK6kZqVtzri6c2H8jwaMcWcQDM=
1617,797,zUIfuNuqkMW64Qvrh2sAqf5xalE=,atK6kZqVtzri6c2H8jwaMcWcQDM=
1619,797,zUIfuNuqkMW64Qvrh2sAqf5xalE=,atK6kZqVtzri6c2H8jwaMcWcQDM=
1618,797,zUIfuNuqkMW64Qvrh2sAqf5xalE=,atK6kZqVtzri6c2H8jwaMcWcQDM=
1616,797,zUIfuNuqkMW64Qvrh2sAqf5xalE=,atK6kZqVtzri6c2H8jwaMcWcQDM=
1625,784,zUIfuNuqkMW64Qvrh2sAqf5xalE=,atK6kZqVtzri6c2H8jwaMcWcQDM=
1629,796,zUIfuNuqkMW64Qvrh2sAqf5xalE=,atK6kZqVtzri6c2H8jwaMcWcQDM=
1630,796,zUIfuNuqkMW64Qvrh2sAqf5xalE=,atK6kZqVtzri6c2H8jwaMcWcQDM=
1626,784,zUIfuNuqkMW64Qvrh2sAqf5xalE=,atK6kZqVtzri6c2H8jwaMcWcQDM=
1627,784,zUIfuNuqkMW64Qvrh2sAqf5xalE=,atK6kZqVtzri6c2H8jwaMcWcQDM=
1627,796,zUIfuNuqkMW64Qvrh2sAqf5xalE=,atK6kZqVtzri6c2H8jwaMcWcQDM=
1631,796,zUIfuNuqkMW64Qvrh2sAqf5xalE=,atK6kZqVtzri6c2H8jwaMcWcQDM=
1626,796,zUIfuNuqkMW64Qvrh2sAqf5xalE=,atK6kZqVtzri6c2H8jwaMcWcQDM=
1623,796,zUIfuNuqkMW64Qvrh2sAqf5xalE=,atK6kZqVtzri6c2H8jwaMcWcQDM=
1628,784,zUIfuNuqkMW64Qvrh2sAqf5xalE=,atK6kZqVtzri6c2H8jwaMcWcQDM=
1620,796,zUIfuNuqkMW64Qvrh2sAqf5xalE=,atK6kZqVtzri6c2H8jwaMcWcQDM=
1621,796,zUIfuNuqkMW64Qvrh2sAqf5xalE=,atK6kZqVtzri6c2H8jwaMcWcQDM=
1625,796,zUIfuNuqkMW64Qvrh2sAqf5xalE=,atK6kZqVtzri6c2H8jwaMcWcQDM=
1622,796,zUIfuNuqkMW64Qvrh2sAqf5xalE=,atK6kZqVtzri6c2H8jwaMcWcQDM=
1619,796,zUIfuNuqkMW64Qvrh2sAqf5xalE=,atK6kZqVtzri6c2H8jwaMcWcQDM=
1617,796,zUIfuNuqkMW64Qvrh2sAqf5xalE=,atK6kZqVtzri6c2H8jwaMcWcQDM=
1618,796,zUIfuNuqkMW64Qvrh2sAqf5xalE=,atK6kZqVtzri6c2H8jwaMcWcQDM=
1624,796,zUIfuNuqkMW64Qvrh2sAqf5xalE=,atK6kZqVtzri6c2H8jwaMcWcQDM=
1629,784,zUIfuNuqkMW64Qvrh2sAqf5xalE=,atK6kZqVtzri6c2H8jwaMcWcQDM=
1616,796,zUIfuNuqkMW64Qvrh2sAqf5xalE=,atK6kZqVtzri6c2H8jwaMcWcQDM=
1629,795,zUIfuNuqkMW64Qvrh2sAqf5xalE=,atK6kZqVtzri6c2H8jwaMcWcQDM=
1630,784,zUIfuNuqkMW64Qvrh2sAqf5xalE=,atK6kZqVtzri6c2H8jwaMcWcQDM=
1623,795,zUIfuNuqkMW64Qvrh2sAqf5xalE=,atK6kZqVtzri6c2H8jwaMcWcQDM=
1628,795,zUIfuNuqkMW64Qvrh2sAqf5xalE=,atK6kZqVtzri6c2H8jwaMcWcQDM=
1630,795,zUIfuNuqkMW64Qvrh2sAqf5xalE=,atK6kZqVtzri6c2H8jwaMcWcQDM=
1622,795,zUIfuNuqkMW64Qvrh2sAqf5xalE=,atK6kZqVtzri6c2H8jwaMcWcQDM=
1619,795,zUIfuNuqkMW64Qvrh2sAqf5xalE=,atK6kZqVtzri6c2H8jwaMcWcQDM=
1620,795,zUIfuNuqkMW64Qvrh2sAqf5xalE=,atK6kZqVtzri6c2H8jwaMcWcQDM=
1618,795,zUIfuNuqkMW64Qvrh2sAqf5xalE=,atK6kZqVtzri6c2H8jwaMcWcQDM=
1617,795,zUIfuNuqkMW64Qvrh2sAqf5xalE=,atK6kZqVtzri6c2H8jwaMcWcQDM=
1621,795,zUIfuNuqkMW64Qvrh2sAqf5xalE=,atK6kZqVtzri6c2H8jwaMcWcQDM=
1616,795,zUIfuNuqkMW64Qvrh2sAqf5xalE=,atK6kZqVtzri6c2H8jwaMcWcQDM=
1630,794,zUIfuNuqkMW64Qvrh2sAqf5xalE=,atK6kZqVtzri6c2H8jwaMcWcQDM=
1629,794,zUIfuNuqkMW64Qvrh2sAqf5xalE=,atK6kZqVtzri6c2H8jwaMcWcQDM=
1627,794,zUIfuNuqkMW64Qvrh2sAqf5xalE=,atK6kZqVtzri6c2H8jwaMcWcQDM=
1626,794,zUIfuNuqkMW64Qvrh2sAqf5xalE=,atK6kZqVtzri6c2H8jwaMcWcQDM=
1622,794,zUIfuNuqkMW64Qvrh2sAqf5xalE=,atK6kZqVtzri6c2H8jwaMcWcQDM=
1623,794,zUIfuNuqkMW64Qvrh2sAqf5xalE=,atK6kZqVtzri6c2H8jwaMcWcQDM=
1628,794,zUIfuNuqkMW64Qvrh2sAqf5xalE=,atK6kZqVtzri6c2H8jwaMcWcQDM=
1621,794,zUIfuNuqkMW64Qvrh2sAqf5xalE=,atK6kZqVtzri6c2H8jwaMcWcQDM=
1620,794,zUIfuNuqkMW64Qvrh2sAqf5xalE=,atK6kZqVtzri6c2H8jwaMcWcQDM=
1618,794,zUIfuNuqkMW64Qvrh2sAqf5xalE=,atK6kZqVtzri6c2H8jwaMcWcQDM=
1619,794,zUIfuNuqkMW64Qvrh2sAqf5xalE=,atK6kZqVtzri6c2H8jwaMcWcQDM=
1617,794,zUIfuNuqkMW64Qvrh2sAqf5xalE=,atK6kZqVtzri6c2H8jwaMcWcQDM=
1626,795,zUIfuNuqkMW64Qvrh2sAqf5xalE=,atK6kZqVtzri6c2H8jwaMcWcQDM=
1627,795,zUIfuNuqkMW64Qvrh2sAqf5xalE=,atK6kZqVtzri6c2H8jwaMcWcQDM=
1616,794,zUIfuNuqkMW64Qvrh2sAqf5xalE=,atK6kZqVtzri6c2H8jwaMcWcQDM=
1630,793,zUIfuNuqkMW64Qvrh2sAqf5xalE=,atK6kZqVtzri6c2H8jwaMcWcQDM=
1629,793,zUIfuNuqkMW64Qvrh2sAqf5xalE=,atK6kZqVtzri6c2H8jwaMcWcQDM=
1628,793,zUIfuNuqkMW64Qvrh2sAqf5xalE=,atK6kZqVtzri6c2H8jwaMcWcQDM=
1627,793,zUIfuNuqkMW64Qvrh2sAqf5xalE=,atK6kZqVtzri6c2H8jwaMcWcQDM=
1626,793,zUIfuNuqkMW64Qvrh2sAqf5xalE=,atK6kZqVtzri6c2H8jwaMcWcQDM=
1621,793,zUIfuNuqkMW64Qvrh2sAqf5xalE=,atK6kZqVtzri6c2H8jwaMcWcQDM=
1622,793,zUIfuNuqkMW64Qvrh2sAqf5xalE=,atK6kZqVtzri6c2H8jwaMcWcQDM=
1623,793,zUIfuNuqkMW64Qvrh2sAqf5xalE=,atK6kZqVtzri6c2H8jwaMcWcQDM=
1620,793,zUIfuNuqkMW64Qvrh2sAqf5xalE=,atK6kZqVtzri6c2H8jwaMcWcQDM=
1631,795,zUIfuNuqkMW64Qvrh2sAqf5xalE=,atK6kZqVtzri6c2H8jwaMcWcQDM=
1619,793,zUIfuNuqkMW64Qvrh2sAqf5xalE=,atK6kZqVtzri6c2H8jwaMcWcQDM=
1631,784,zUIfuNuqkMW64Qvrh2sAqf5xalE=,atK6kZqVtzri6c2H8jwaMcWcQDM=
1618,793,zUIfuNuqkMW64Qvrh2sAqf5xalE=,atK6kZqVtzri6c2H8jwaMcWcQDM=
1616,785,zUIfuNuqkMW64Qvrh2sAqf5xalE=,atK6kZqVtzri6c2H8jwaMcWcQDM=
1617,793,zUIfuNuqkMW64Qvrh2sAqf5xalE=,atK6kZqVtzri6c2H8jwaMcWcQDM=
1616,793,zUIfuNuqkMW64Qvrh2sAqf5xalE=,atK6kZqVtzri6c2H8jwaMcWcQDM=
1618,785,zUIfuNuqkMW64Qvrh2sAqf5xalE=,atK6kZqVtzri6c2H8jwaMcWcQDM=
1617,785,zUIfuNuqkMW64Qvrh2sAqf5xalE=,atK6kZqVtzri6c2H8jwaMcWcQDM=
1619,785,zUIfuNuqkMW64Qvrh2sAqf5xalE=,atK6kZqVtzri6c2H8jwaMcWcQDM=
1620,785,zUIfuNuqkMW64Qvrh2sAqf5xalE=,atK6kZqVtzri6c2H8jwaMcWcQDM=
1628,797,zUIfuNuqkMW64Qvrh2sAqf5xalE=,atK6kZqVtzri6c2H8jwaMcWcQDM=
1621,785,zUIfuNuqkMW64Qvrh2sAqf5xalE=,atK6kZqVtzri6c2H8jwaMcWcQDM=
1622,785,zUIfuNuqkMW64Qvrh2sAqf5xalE=,atK6kZqVtzri6c2H8jwaMcWcQDM=
1630,792,zUIfuNuqkMW64Qvrh2sAqf5xalE=,atK6kZqVtzri6c2H8jwaMcWcQDM=
1623,785,zUIfuNuqkMW64Qvrh2sAqf5xalE=,atK6kZqVtzri6c2H8jwaMcWcQDM=
1629,792,zUIfuNuqkMW64Qvrh2sAqf5xalE=,atK6kZqVtzri6c2H8jwaMcWcQDM=
1625,793,zUIfuNuqkMW64Qvrh2sAqf5xalE=,atK6kZqVtzri6c2H8jwaMcWcQDM=
1631,793,zUIfuNuqkMW64Qvrh2sAqf5xalE=,atK6kZqVtzri6c2H8jwaMcWcQDM=
1628,792,zUIfuNuqkMW64Qvrh2sAqf5xalE=,atK6kZqVtzri6c2H8jwaMcWcQDM=
1631,794,zUIfuNuqkMW64Qvrh2sAqf5xalE=,atK6kZqVtzri6c2H8jwaMcWcQDM=
1627,792,zUIfuNuqkMW64Qvrh2sAqf5xalE=,atK6kZqVtzri6c2H8jwaMcWcQDM=
1623,792,zUIfuNuqkMW64Qvrh2sAqf5xalE=,atK6kZqVtzri6c2H8jwaMcWcQDM=
1622,792,zUIfuNuqkMW64Qvrh2sAqf5xalE=,atK6kZqVtzri6c2H8jwaMcWcQDM=
1625,792,zUIfuNuqkMW64Qvrh2sAqf5xalE=,atK6kZqVtzri6c2H8jwaMcWcQDM=
1621,792,zUIfuNuqkMW64Qvrh2sAqf5xalE=,atK6kZqVtzri6c2H8jwaMcWcQDM=
1620,792,zUIfuNuqkMW64Qvrh2sAqf5xalE=,atK6kZqVtzri6c2H8jwaMcWcQDM=
1626,792,zUIfuNuqkMW64Qvrh2sAqf5xalE=,atK6kZqVtzri6c2H8jwaMcWcQDM=
1617,792,zUIfuNuqkMW64Qvrh2sAqf5xalE=,atK6kZqVtzri6c2H8jwaMcWcQDM=
1619,792,zUIfuNuqkMW64Qvrh2sAqf5xalE=,atK6kZqVtzri6c2H8jwaMcWcQDM=
1618,792,zUIfuNuqkMW64Qvrh2sAqf5xalE=,atK6kZqVtzri6c2H8jwaMcWcQDM=
1629,791,zUIfuNuqkMW64Qvrh2sAqf5xalE=,atK6kZqVtzri6c2H8jwaMcWcQDM=
1616,792,zUIfuNuqkMW64Qvrh2sAqf5xalE=,atK6kZqVtzri6c2H8jwaMcWcQDM=
1630,791,zUIfuNuqkMW64Qvrh2sAqf5xalE=,atK6kZqVtzri6c2H8jwaMcWcQDM=
1631,791,zUIfuNuqkMW64Qvrh2sAqf5xalE=,atK6kZqVtzri6c2H8jwaMcWcQDM=
1626,791,zUIfuNuqkMW64Qvrh2sAqf5xalE=,atK6kZqVtzri6c2H8jwaMcWcQDM=
1628,791,zUIfuNuqkMW64Qvrh2sAqf5xalE=,atK6kZqVtzri6c2H8jwaMcWcQDM=
1627,791,zUIfuNuqkMW64Qvrh2sAqf5xalE=,atK6kZqVtzri6c2H8jwaMcWcQDM=
1623,791,zUIfuNuqkMW64Qvrh2sAqf5xalE=,atK6kZqVtzri6c2H8jwaMcWcQDM=
1628,796,zUIfuNuqkMW64Qvrh2sAqf5xalE=,atK6kZqVtzri6c2H8jwaMcWcQDM=
1620,791,zUIfuNuqkMW64Qvrh2sAqf5xalE=,atK6kZqVtzri6c2H8jwaMcWcQDM=
1619,791,zUIfuNuqkMW64Qvrh2sAqf5xalE=,atK6kZqVtzri6c2H8jwaMcWcQDM=
1625,791,zUIfuNuqkMW64Qvrh2sAqf5xalE=,atK6kZqVtzri6c2H8jwaMcWcQDM=
1631,792,zUIfuNuqkMW64Qvrh2sAqf5xalE=,atK6kZqVtzri6c2H8jwaMcWcQDM=
1622,791,zUIfuNuqkMW64Qvrh2sAqf5xalE=,atK6kZqVtzri6c2H8jwaMcWcQDM=
1621,791,zUIfuNuqkMW64Qvrh2sAqf5xalE=,atK6kZqVtzri6c2H8jwaMcWcQDM=
1618,791,zUIfuNuqkMW64Qvrh2sAqf5xalE=,atK6kZqVtzri6c2H8jwaMcWcQDM=
1616,791,zUIfuNuqkMW64Qvrh2sAqf5xalE=,atK6kZqVtzri6c2H8jwaMcWcQDM=
1617,791,zUIfuNuqkMW64Qvrh2sAqf5xalE=,atK6kZqVtzri6c2H8jwaMcWcQDM=
1628,790,zUIfuNuqkMW64Qvrh2sAqf5xalE=,atK6kZqVtzri6c2H8jwaMcWcQDM=
1627,790,zUIfuNuqkMW64Qvrh2sAqf5xalE=,atK6kZqVtzri6c2H8jwaMcWcQDM=
1630,790,zUIfuNuqkMW64Qvrh2sAqf5xalE=,atK6kZqVtzri6c2H8jwaMcWcQDM=
1622,790,zUIfuNuqkMW64Qvrh2sAqf5xalE=,atK6kZqVtzri6c2H8jwaMcWcQDM=
1621,790,zUIfuNuqkMW64Qvrh2sAqf5xalE=,atK6kZqVtzri6c2H8jwaMcWcQDM=
1620,790,zUIfuNuqkMW64Qvrh2sAqf5xalE=,atK6kZqVtzri6c2H8jwaMcWcQDM=
1623,790,zUIfuNuqkMW64Qvrh2sAqf5xalE=,atK6kZqVtzri6c2H8jwaMcWcQDM=
1619,790,zUIfuNuqkMW64Qvrh2sAqf5xalE=,atK6kZqVtzri6c2H8jwaMcWcQDM=
1618,790,zUIfuNuqkMW64Qvrh2sAqf5xalE=,atK6kZqVtzri6c2H8jwaMcWcQDM=
1617,790,zUIfuNuqkMW64Qvrh2sAqf5xalE=,atK6kZqVtzri6c2H8jwaMcWcQDM=
1625,790,zUIfuNuqkMW64Qvrh2sAqf5xalE=,atK6kZqVtzri6c2H8jwaMcWcQDM=
1626,790,zUIfuNuqkMW64Qvrh2sAqf5xalE=,atK6kZqVtzri6c2H8jwaMcWcQDM=
1616,790,zUIfuNuqkMW64Qvrh2sAqf5xalE=,atK6kZqVtzri6c2H8jwaMcWcQDM=
1628,789,zUIfuNuqkMW64Qvrh2sAqf5xalE=,atK6kZqVtzri6c2H8jwaMcWcQDM=
1627,789,zUIfuNuqkMW64Qvrh2sAqf5xalE=,atK6kZqVtzri6c2H8jwaMcWcQDM=
1623,789,zUIfuNuqkMW64Qvrh2sAqf5xalE=,atK6kZqVtzri6c2H8jwaMcWcQDM=
1626,789,zUIfuNuqkMW64Qvrh2sAqf5xalE=,atK6kZqVtzri6c2H8jwaMcWcQDM=
1629,789,zUIfuNuqkMW64Qvrh2sAqf5xalE=,atK6kZqVtzri6c2H8jwaMcWcQDM=
1622,789,zUIfuNuqkMW64Qvrh2sAqf5xalE=,atK6kZqVtzri6c2H8jwaMcWcQDM=
1625,789,zUIfuNuqkMW64Qvrh2sAqf5xalE=,atK6kZqVtzri6c2H8jwaMcWcQDM=
1621,789,zUIfuNuqkMW64Qvrh2sAqf5xalE=,atK6kZqVtzri6c2H8jwaMcWcQDM=
1620,789,zUIfuNuqkMW64Qvrh2sAqf5xalE=,atK6kZqVtzri6c2H8jwaMcWcQDM=
1618,789,zUIfuNuqkMW64Qvrh2sAqf5xalE=,atK6kZqVtzri6c2H8jwaMcWcQDM=
1630,789,zUIfuNuqkMW64Qvrh2sAqf5xalE=,atK6kZqVtzri6c2H8jwaMcWcQDM=
1619,789,zUIfuNuqkMW64Qvrh2sAqf5xalE=,atK6kZqVtzri6c2H8jwaMcWcQDM=
1617,789,zUIfuNuqkMW64Qvrh2sAqf5xalE=,atK6kZqVtzri6c2H8jwaMcWcQDM=
1631,790,zUIfuNuqkMW64Qvrh2sAqf5xalE=,atK6kZqVtzri6c2H8jwaMcWcQDM=
1616,789,zUIfuNuqkMW64Qvrh2sAqf5xalE=,atK6kZqVtzri6c2H8jwaMcWcQDM=
1630,788,zUIfuNuqkMW64Qvrh2sAqf5xalE=,atK6kZqVtzri6c2H8jwaMcWcQDM=
1629,788,zUIfuNuqkMW64Qvrh2sAqf5xalE=,atK6kZqVtzri6c2H8jwaMcWcQDM=
1628,788,zUIfuNuqkMW64Qvrh2sAqf5xalE=,atK6kZqVtzri6c2H8jwaMcWcQDM=
1626,788,zUIfuNuqkMW64Qvrh2sAqf5xalE=,atK6kZqVtzri6c2H8jwaMcWcQDM=
1627,788,zUIfuNuqkMW64Qvrh2sAqf5xalE=,atK6kZqVtzri6c2H8jwaMcWcQDM=
1623,788,zUIfuNuqkMW64Qvrh2sAqf5xalE=,atK6kZqVtzri6c2H8jwaMcWcQDM=
1621,788,zUIfuNuqkMW64Qvrh2sAqf5xalE=,atK6kZqVtzri6c2H8jwaMcWcQDM=
1622,788,zUIfuNuqkMW64Qvrh2sAqf5xalE=,atK6kZqVtzri6c2H8jwaMcWcQDM=
1620,788,zUIfuNuqkMW64Qvrh2sAqf5xalE=,atK6kZqVtzri6c2H8jwaMcWcQDM=
1618,788,zUIfuNuqkMW64Qvrh2sAqf5xalE=,atK6kZqVtzri6c2H8jwaMcWcQDM=
1619,788,zUIfuNuqkMW64Qvrh2sAqf5xalE=,atK6kZqVtzri6c2H8jwaMcWcQDM=
1625,788,zUIfuNuqkMW64Qvrh2sAqf5xalE=,atK6kZqVtzri6c2H8jwaMcWcQDM=
1616,788,zUIfuNuqkMW64Qvrh2sAqf5xalE=,atK6kZqVtzri6c2H8jwaMcWcQDM=
1617,788,zUIfuNuqkMW64Qvrh2sAqf5xalE=,atK6kZqVtzri6c2H8jwaMcWcQDM=
1628,787,zUIfuNuqkMW64Qvrh2sAqf5xalE=,atK6kZqVtzri6c2H8jwaMcWcQDM=
1629,787,zUIfuNuqkMW64Qvrh2sAqf5xalE=,atK6kZqVtzri6c2H8jwaMcWcQDM=
1630,787,zUIfuNuqkMW64Qvrh2sAqf5xalE=,atK6kZqVtzri6c2H8jwaMcWcQDM=
1626,787,zUIfuNuqkMW64Qvrh2sAqf5xalE=,atK6kZqVtzri6c2H8jwaMcWcQDM=
1627,787,zUIfuNuqkMW64Qvrh2sAqf5xalE=,atK6kZqVtzri6c2H8jwaMcWcQDM=
1622,787,zUIfuNuqkMW64Qvrh2sAqf5xalE=,atK6kZqVtzri6c2H8jwaMcWcQDM=
1621,787,zUIfuNuqkMW64Qvrh2sAqf5xalE=,atK6kZqVtzri6c2H8jwaMcWcQDM=
1619,787,zUIfuNuqkMW64Qvrh2sAqf5xalE=,atK6kZqVtzri6c2H8jwaMcWcQDM=
1623,787,zUIfuNuqkMW64Qvrh2sAqf5xalE=,atK6kZqVtzri6c2H8jwaMcWcQDM=
1620,787,zUIfuNuqkMW64Qvrh2sAqf5xalE=,atK6kZqVtzri6c2H8jwaMcWcQDM=
1618,787,zUIfuNuqkMW64Qvrh2sAqf5xalE=,atK6kZqVtzri6c2H8jwaMcWcQDM=
1625,787,zUIfuNuqkMW64Qvrh2sAqf5xalE=,atK6kZqVtzri6c2H8jwaMcWcQDM=
1616,787,zUIfuNuqkMW64Qvrh2sAqf5xalE=,atK6kZqVtzri6c2H8jwaMcWcQDM=
1617,787,zUIfuNuqkMW64Qvrh2sAqf5xalE=,atK6kZqVtzri6c2H8jwaMcWcQDM=
1630,786,zUIfuNuqkMW64Qvrh2sAqf5xalE=,atK6kZqVtzri6c2H8jwaMcWcQDM=
1628,786,zUIfuNuqkMW64Qvrh2sAqf5xalE=,atK6kZqVtzri6c2H8jwaMcWcQDM=
1629,786,zUIfuNuqkMW64Qvrh2sAqf5xalE=,atK6kZqVtzri6c2H8jwaMcWcQDM=
1626,786,zUIfuNuqkMW64Qvrh2sAqf5xalE=,atK6kZqVtzri6c2H8jwaMcWcQDM=
1623,786,zUIfuNuqkMW64Qvrh2sAqf5xalE=,atK6kZqVtzri6c2H8jwaMcWcQDM=
1627,786,zUIfuNuqkMW64Qvrh2sAqf5xalE=,atK6kZqVtzri6c2H8jwaMcWcQDM=
1622,786,zUIfuNuqkMW64Qvrh2sAqf5xalE=,atK6kZqVtzri6c2H8jwaMcWcQDM=
1625,786,zUIfuNuqkMW64Qvrh2sAqf5xalE=,atK6kZqVtzri6c2H8jwaMcWcQDM=
1621,786,zUIfuNuqkMW64Qvrh2sAqf5xalE=,atK6kZqVtzri6c2H8jwaMcWcQDM=
1620,786,zUIfuNuqkMW64Qvrh2sAqf5xalE=,atK6kZqVtzri6c2H8jwaMcWcQDM=
1618,786,zUIfuNuqkMW64Qvrh2sAqf5xalE=,atK6kZqVtzri6c2H8jwaMcWcQDM=
1619,786,zUIfuNuqkMW64Qvrh2sAqf5xalE=,atK6kZqVtzri6c2H8jwaMcWcQDM=
1631,789,zUIfuNuqkMW64Qvrh2sAqf5xalE=,atK6kZqVtzri6c2H8jwaMcWcQDM=
1617,786,zUIfuNuqkMW64Qvrh2sAqf5xalE=,atK6kZqVtzri6c2H8jwaMcWcQDM=
1616,786,zUIfuNuqkMW64Qvrh2sAqf5xalE=,atK6kZqVtzri6c2H8jwaMcWcQDM=
1631,788,zUIfuNuqkMW64Qvrh2sAqf5xalE=,atK6kZqVtzri6c2H8jwaMcWcQDM=
1624,785,zUIfuNuqkMW64Qvrh2sAqf5xalE=,atK6kZqVtzri6c2H8jwaMcWcQDM=
1630,785,zUIfuNuqkMW64Qvrh2sAqf5xalE=,atK6kZqVtzri6c2H8jwaMcWcQDM=
1629,785,zUIfuNuqkMW64Qvrh2sAqf5xalE=,atK6kZqVtzri6c2H8jwaMcWcQDM=
1627,785,zUIfuNuqkMW64Qvrh2sAqf5xalE=,atK6kZqVtzri6c2H8jwaMcWcQDM=
1628,785,zUIfuNuqkMW64Qvrh2sAqf5xalE=,atK6kZqVtzri6c2H8jwaMcWcQDM=
1625,785,zUIfuNuqkMW64Qvrh2sAqf5xalE=,atK6kZqVtzri6c2H8jwaMcWcQDM=
1624,790,zUIfuNuqkMW64Qvrh2sAqf5xalE=,atK6kZqVtzri6c2H8jwaMcWcQDM=
1624,792,zUIfuNuqkMW64Qvrh2sAqf5xalE=,atK6kZqVtzri6c2H8jwaMcWcQDM=
1626,785,zUIfuNuqkMW64Qvrh2sAqf5xalE=,atK6kZqVtzri6c2H8jwaMcWcQDM=
1624,788,zUIfuNuqkMW64Qvrh2sAqf5xalE=,atK6kZqVtzri6c2H8jwaMcWcQDM=
1629,790,zUIfuNuqkMW64Qvrh2sAqf5xalE=,atK6kZqVtzri6c2H8jwaMcWcQDM=
1624,787,zUIfuNuqkMW64Qvrh2sAqf5xalE=,atK6kZqVtzri6c2H8jwaMcWcQDM=
1631,785,zUIfuNuqkMW64Qvrh2sAqf5xalE=,atK6kZqVtzri6c2H8jwaMcWcQDM=
1624,791,zUIfuNuqkMW64Qvrh2sAqf5xalE=,atK6kZqVtzri6c2H8jwaMcWcQDM=
1628,798,zUIfuNuqkMW64Qvrh2sAqf5xalE=,atK6kZqVtzri6c2H8jwaMcWcQDM=
1624,789,zUIfuNuqkMW64Qvrh2sAqf5xalE=,atK6kZqVtzri6c2H8jwaMcWcQDM=
1631,786,zUIfuNuqkMW64Qvrh2sAqf5xalE=,atK6kZqVtzri6c2H8jwaMcWcQDM=
1624,786,zUIfuNuqkMW64Qvrh2sAqf5xalE=,atK6kZqVtzri6c2H8jwaMcWcQDM=
1631,787,zUIfuNuqkMW64Qvrh2sAqf5xalE=,atK6kZqVtzri6c2H8jwaMcWcQDM=
1631,799,zUIfuNuqkMW64Qvrh2sAqf5xalE=,atK6kZqVtzri6c2H8jwaMcWcQDM=
1630,799,zUIfuNuqkMW64Qvrh2sAqf5xalE=,atK6kZqVtzri6c2H8jwaMcWcQDM=
1625,794,zUIfuNuqkMW64Qvrh2sAqf5xalE=,atK6kZqVtzri6c2H8jwaMcWcQDM=
1629,799,zUIfuNuqkMW64Qvrh2sAqf5xalE=,atK6kZqVtzri6c2H8jwaMcWcQDM=
1625,795,zUIfuNuqkMW64Qvrh2sAqf5xalE=,atK6kZqVtzri6c2H8jwaMcWcQDM=
1624,793,zUIfuNuqkMW64Qvrh2sAqf5xalE=,atK6kZqVtzri6c2H8jwaMcWcQDM=
1628,799,zUIfuNuqkMW64Qvrh2sAqf5xalE=,atK6kZqVtzri6c2H8jwaMcWcQDM=
1624,794,zUIfuNuqkMW64Qvrh2sAqf5xalE=,atK6kZqVtzri6c2H8jwaMcWcQDM=
1624,795,zUIfuNuqkMW64Qvrh2sAqf5xalE=,atK6kZqVtzri6c2H8jwaMcWcQDM=
