239,1519,n46iQUoQE0G6+onVuuET+8BS9cw=,+2nrgrnT06cCw8ipfpR/e6BaaRA=
238,1519,n46iQUoQE0G6+onVuuET+8BS9cw=,+2nrgrnT06cCw8ipfpR/e6BaaRA=
237,1519,n46iQUoQE0G6+onVuuET+8BS9cw=,+2nrgrnT06cCw8ipfpR/e6BaaRA=
239,1518,n46iQUoQE0G6+onVuuET+8BS9cw=,+2nrgrnT06cCw8ipfpR/e6BaaRA=
238,1518,n46iQUoQE0G6+onVuuET+8BS9cw=,+2nrgrnT06cCw8ipfpR/e6BaaRA=
236,1519,n46iQUoQE0G6+onVuuET+8BS9cw=,+2nrgrnT06cCw8ipfpR/e6BaaRA=
237,1518,n46iQUoQE0G6+onVuuET+8BS9cw=,+2nrgrnT06cCw8ipfpR/e6BaaRA=
236,1518,n46iQUoQE0G6+onVuuET+8BS9cw=,+2nrgrnT06cCw8ipfpR/e6BaaRA=
225,1504,n46iQUoQE0G6+onVuuET+8BS9cw=,+2nrgrnT06cCw8ipfpR/e6BaaRA=
224,1504,n46iQUoQE0G6+onVuuET+8BS9cw=,+2nrgrnT06cCw8ipfpR/e6BaaRA=
228,1519,n46iQUoQE0G6+onVuuET+8BS9cw=,+2nrgrnT06cCw8ipfpR/e6BaaRA=
232,1519,n46iQUoQE0G6+onVuuET+8BS9cw=,+2nrgrnT06cCw8ipfpR/e6BaaRA=
224,1518,n46iQUoQE0G6+onVuuET+8BS9cw=,+2nrgrnT06cCw8ipfpR/e6BaaRA=
224,1519,n46iQUoQE0G6+onVuuET+8BS9cw=,+2nrgrnT06cCw8ipfpR/e6BaaRA=
239,1517,n46iQUoQE0G6+onVuuET+8BS9cw=,+2nrgrnT06cCw8ipfpR/e6BaaRA=
238,1517,n46iQUoQE0G6+onVuuET+8BS9cw=,+2nrgrnT06cCw8ipfpR/e6BaaRA=
236,1517,n46iQUoQE0G6+onVuuET+8BS9cw=,+2nrgrnT06cCw8ipfpR/e6BaaRA=
237,1517,n46iQUoQE0G6+onVuuET+8BS9cw=,+2nrgrnT06cCw8ipfpR/e6BaaRA=
226,1504,n46iQUoQE0G6+onVuuET+8BS9cw=,+2nrgrnT06cCw8ipfpR/e6BaaRA=
228,1518,n46iQUoQE0G6+onVuuET+8BS9cw=,+2nrgrnT06cCw8ipfpR/e6BaaRA=
229,1518,n46iQUoQE0G6+onVuuET+8BS9cw=,+2nrgrnT06cCw8ipfpR/e6BaaRA=
226,1519,n46iQUoQE0G6+onVuuET+8BS9cw=,+2nrgrnT06cCw8ipfpR/e6BaaRA=
234,1519,n46iQUoQE0G6+onVuuET+8BS9cw=,+2nrgrnT06cCw8ipfpR/e6BaaRA=
225,1518,n46iQUoQE0G6+onVuuET+8BS9cw=,+2nrgrnT06cCw8ipfpR/e6BaaRA=
227,1518,n46iQUoQE0G6+onVuuET+8BS9cw=,+2nrgrnT06cCw8ipfpR/e6BaaRA=
233,1518,n46iQUoQE0G6+onVuuET+8BS9cw=,+2nrgrnT06cCw8ipfpR/e6BaaRA=
230,1518,n46iQUoQE0G6+onVuuET+8BS9cw=,+2nrgrnT06cCw8ipfpR/e6BaaRA=
235,1519,n46iQUoQE0G6+onVuuET+8BS9cw=,+2nrgrnT06cCw8ipfpR/e6BaaRA=
232,1518,n46iQUoQE0G6+onVuuET+8BS9cw=,+2nrgrnT06cCw8ipfpR/e6BaaRA=
227,1519,n46iQUoQE0G6+onVuuET+8BS9cw=,+2nrgrnT06cCw8ipfpR/e6BaaRA=
239,1516,n46iQUoQE0G6+onVuuET+8BS9cw=,+2nrgrnT06cCw8ipfpR/e6BaaRA=
226,1518,n46iQUoQE0G6+onVuuET+8BS9cw=,+2nrgrnT06cCw8ipfpR/e6BaaRA=
237,1516,n46iQUoQE0G6+onVuuET+8BS9cw=,+2nrgrnT06cCw8ipfpR/e6BaaRA=
238,1516,n46iQUoQE0G6+onVuuET+8BS9cw=,+2nrgrnT06cCw8ipfpR/e6BaaRA=
236,1516,n46iQUoQE0G6+onVuuET+8BS9cw=,+2nrgrnT06cCw8ipfpR/e6BaaRA=
230,1517,n46iQUoQE0G6+onVuuET+8BS9cw=,+2nrgrnT06cCw8ipfpR/e6BaaRA=
225,1519,n46iQUoQE0G6+onVuuET+8BS9cw=,+2nrgrnT06cCw8ipfpR/e6BaaRA=
233,1519,n46iQUoQE0G6+onVuuET+8BS9cw=,+2nrgrnT06cCw8ipfpR/e6BaaRA=
234,1517,n46iQUoQE0G6+onVuuET+8BS9cw=,+2nrgrnT06cCw8ipfpR/e6BaaRA=
225,1517,n46iQUoQE0G6+onVuuET+8BS9cw=,+2nrgrnT06cCw8ipfpR/e6BaaRA=
229,1519,n46iQUoQE0G6+onVuuET+8BS9cw=,+2nrgrnT06cCw8ipfpR/e6BaaRA=
227,1504,n46iQUoQE0G6+onVuuET+8BS9cw=,+2nrgrnT06cCw8ipfpR/e6BaaRA=
233,1517,n46iQUoQE0G6+onVuuET+8BS9cw=,+2nrgrnT06cCw8ipfpR/e6BaaRA=
224,1517,n46iQUoQE0G6+onVuuET+8BS9cw=,+2nrgrnT06cCw8ipfpR/e6BaaRA=
229,1517,n46iQUoQE0G6+onVuuET+8BS9cw=,+2nrgrnT06cCw8ipfpR/e6BaaRA=
235,1518,n46iQUoQE0G6+onVuuET+8BS9cw=,+2nrgrnT06cCw8ipfpR/e6BaaRA=
230,1519,n46iQUoQE0G6+onVuuET+8BS9cw=,+2nrgrnT06cCw8ipfpR/e6BaaRA=
231,1519,n46iQUoQE0G6+onVuuET+8BS9cw=,+2nrgrnT06cCw8ipfpR/e6BaaRA=
234,1518,n46iQUoQE0G6+onVuuET+8BS9cw=,+2nrgrnT06cCw8ipfpR/e6BaaRA=
231,1516,n46iQUoQE0G6+onVuuET+8BS9cw=,+2nrgrnT06cCw8ipfpR/e6BaaRA=
231,1517,n46iQUoQE0G6+onVuuET+8BS9cw=,+2nrgrnT06cCw8ipfpR/e6BaaRA=
230,1516,n46iQUoQE0G6+onVuuET+8BS9cw=,+2nrgrnT06cCw8ipfpR/e6BaaRA=
228,1517,n46iQUoQE0G6+onVuuET+8BS9cw=,+2nrgrnT06cCw8ipfpR/e6BaaRA=
232,1517,n46iQUoQE0G6+onVuuET+8BS9cw=,+2nrgrnT06cCw8ipfpR/e6BaaRA=
226,1517,n46iQUoQE0G6+onVuuET+8BS9cw=,+2nrgrnT06cCw8ipfpR/e6BaaRA=
234,1516,n46iQUoQE0G6+onVuuET+8BS9cw=,+2nrgrnT06cCw8ipfpR/e6BaaRA=
226,1516,n46iQUoQE0G6+onVuuET+8BS9cw=,+2nrgrnT06cCw8ipfpR/e6BaaRA=
229,1516,n46iQUoQE0G6+onVuuET+8BS9cw=,+2nrgrnT06cCw8ipfpR/e6BaaRA=
228,1504,n46iQUoQE0G6+onVuuET+8BS9cw=,+2nrgrnT06cCw8ipfpR/e6BaaRA=
235,1517,n46iQUoQE0G6+onVuuET+8BS9cw=,+2nrgrnT06cCw8ipfpR/e6BaaRA=
238,1515,n46iQUoQE0G6+onVuuET+8BS9cw=,+2nrgrnT06cCw8ipfpR/e6BaaRA=
235,1516,n46iQUoQE0G6+onVuuET+8BS9cw=,+2nrgrnT06cCw8ipfpR/e6BaaRA=
233,1516,n46iQUoQE0G6+onVuuET+8BS9cw=,+2nrgrnT06cCw8ipfpR/e6BaaRA=
232,1516,n46iQUoQE0G6+onVuuET+8BS9cw=,+2nrgrnT06cCw8ipfpR/e6BaaRA=
227,1516,n46iQUoQE0G6+onVuuET+8BS9cw=,+2nrgrnT06cCw8ipfpR/e6BaaRA=
227,1517,n46iQUoQE0G6+onVuuET+8BS9cw=,+2nrgrnT06cCw8ipfpR/e6BaaRA=
228,1516,n46iQUoQE0G6+onVuuET+8BS9cw=,+2nrgrnT06cCw8ipfpR/e6BaaRA=
231,1515,n46iQUoQE0G6+onVuuET+8BS9cw=,+2nrgrnT06cCw8ipfpR/e6BaaRA=
230,1515,n46iQUoQE0G6+onVuuET+8BS9cw=,+2nrgrnT06cCw8ipfpR/e6BaaRA=
224,1515,n46iQUoQE0G6+onVuuET+8BS9cw=,+2nrgrnT06cCw8ipfpR/e6BaaRA=
233,1515,n46iQUoQE0G6+onVuuET+8BS9cw=,+2nrgrnT06cCw8ipfpR/e6BaaRA=
235,1515,n46iQUoQE0G6+onVuuET+8BS9cw=,+2nrgrnT06cCw8ipfpR/e6BaaRA=
227,1515,n46iQUoQE0G6+onVuuET+8BS9cw=,+2nrgrnT06cCw8ipfpR/e6BaaRA=
232,1515,n46iQUoQE0G6+onVuuET+8BS9cw=,+2nrgrnT06cCw8ipfpR/e6BaaRA=
239,1515,n46iQUoQE0G6+onVuuET+8BS9cw=,+2nrgrnT06cCw8ipfpR/e6BaaRA=
225,1516,n46iQUoQE0G6+onVuuET+8BS9cw=,+2nrgrnT06cCw8ipfpR/e6BaaRA=
231,1514,n46iQUoQE0G6+onVuuET+8BS9cw=,+2nrgrnT06cCw8ipfpR/e6BaaRA=
230,1514,n46iQUoQE0G6+onVuuET+8BS9cw=,+2nrgrnT06cCw8ipfpR/e6BaaRA=
225,1514,n46iQUoQE0G6+onVuuET+8BS9cw=,+2nrgrnT06cCw8ipfpR/e6BaaRA=
224,1514,n46iQUoQE0G6+onVuuET+8BS9cw=,+2nrgrnT06cCw8ipfpR/e6BaaRA=
224,1516,n46iQUoQE0G6+onVuuET+8BS9cw=,+2nrgrnT06cCw8ipfpR/e6BaaRA=
232,1514,n46iQUoQE0G6+onVuuET+8BS9cw=,+2nrgrnT06cCw8ipfpR/e6BaaRA=
229,1504,n46iQUoQE0G6+onVuuET+8BS9cw=,+2nrgrnT06cCw8ipfpR/e6BaaRA=
226,1514,n46iQUoQE0G6+onVuuET+8BS9cw=,+2nrgrnT06cCw8ipfpR/e6BaaRA=
233,1514,n46iQUoQE0G6+onVuuET+8BS9cw=,+2nrgrnT06cCw8ipfpR/e6BaaRA=
236,1515,n46iQUoQE0G6+onVuuET+8BS9cw=,+2nrgrnT06cCw8ipfpR/e6BaaRA=
231,1513,n46iQUoQE0G6+onVuuET+8BS9cw=,+2nrgrnT06cCw8ipfpR/e6BaaRA=
225,1515,n46iQUoQE0G6+onVuuET+8BS9cw=,+2nrgrnT06cCw8ipfpR/e6BaaRA=
226,1515,n46iQUoQE0G6+onVuuET+8BS9cw=,+2nrgrnT06cCw8ipfpR/e6BaaRA=
237,1515,n46iQUoQE0G6+onVuuET+8BS9cw=,+2nrgrnT06cCw8ipfpR/e6BaaRA=
236,1514,n46iQUoQE0G6+onVuuET+8BS9cw=,+2nrgrnT06cCw8ipfpR/e6BaaRA=
228,1514,n46iQUoQE0G6+onVuuET+8BS9cw=,+2nrgrnT06cCw8ipfpR/e6BaaRA=
226,1513,n46iQUoQE0G6+onVuuET+8BS9cw=,+2nrgrnT06cCw8ipfpR/e6BaaRA=
230,1504,n46iQUoQE0G6+onVuuET+8BS9cw=,+2nrgrnT06cCw8ipfpR/e6BaaRA=
231,1518,n46iQUoQE0G6+onVuuET+8BS9cw=,+2nrgrnT06cCw8ipfpR/e6BaaRA=
238,1513,n46iQUoQE0G6+onVuuET+8BS9cw=,+2nrgrnT06cCw8ipfpR/e6BaaRA=
228,1515,n46iQUoQE0G6+onVuuET+8BS9cw=,+2nrgrnT06cCw8ipfpR/e6BaaRA=
229,1515,n46iQUoQE0G6+onVuuET+8BS9cw=,+2nrgrnT06cCw8ipfpR/e6BaaRA=
224,1513,n46iQUoQE0G6+onVuuET+8BS9cw=,+2nrgrnT06cCw8ipfpR/e6BaaRA=
225,1513,n46iQUoQE0G6+onVuuET+8BS9cw=,+2nrgrnT06cCw8ipfpR/e6BaaRA=
239,1513,n46iQUoQE0G6+onVuuET+8BS9cw=,+2nrgrnT06cCw8ipfpR/e6BaaRA=
230,1513,n46iQUoQE0G6+onVuuET+8BS9cw=,+2nrgrnT06cCw8ipfpR/e6BaaRA=
229,1514,n46iQUoQE0G6+onVuuET+8BS9cw=,+2nrgrnT06cCw8ipfpR/e6BaaRA=
236,1513,n46iQUoQE0G6+onVuuET+8BS9cw=,+2nrgrnT06cCw8ipfpR/e6BaaRA=
234,1514,n46iQUoQE0G6+onVuuET+8BS9cw=,+2nrgrnT06cCw8ipfpR/e6BaaRA=
226,1512,n46iQUoQE0G6+onVuuET+8BS9cw=,+2nrgrnT06cCw8ipfpR/e6BaaRA=
230,1512,n46iQUoQE0G6+onVuuET+8BS9cw=,+2nrgrnT06cCw8ipfpR/e6BaaRA=
235,1513,n46iQUoQE0G6+onVuuET+8BS9cw=,+2nrgrnT06cCw8ipfpR/e6BaaRA=
235,1514,n46iQUoQE0G6+onVuuET+8BS9cw=,+2nrgrnT06cCw8ipfpR/e6BaaRA=
224,1512,n46iQUoQE0G6+onVuuET+8BS9cw=,+2nrgrnT06cCw8ipfpR/e6BaaRA=
228,1513,n46iQUoQE0G6+onVuuET+8BS9cw=,+2nrgrnT06cCw8ipfpR/e6BaaRA=
227,1514,n46iQUoQE0G6+onVuuET+8BS9cw=,+2nrgrnT06cCw8ipfpR/e6BaaRA=
231,1512,n46iQUoQE0G6+onVuuET+8BS9cw=,+2nrgrnT06cCw8ipfpR/e6BaaRA=
239,1512,n46iQUoQE0G6+onVuuET+8BS9cw=,+2nrgrnT06cCw8ipfpR/e6BaaRA=
238,1512,n46iQUoQE0G6+onVuuET+8BS9cw=,+2nrgrnT06cCw8ipfpR/e6BaaRA=
233,1513,n46iQUoQE0G6+onVuuET+8BS9cw=,+2nrgrnT06cCw8ipfpR/e6BaaRA=
225,1512,n46iQUoQE0G6+onVuuET+8BS9cw=,+2nrgrnT06cCw8ipfpR/e6BaaRA=
234,1513,n46iQUoQE0G6+onVuuET+8BS9cw=,+2nrgrnT06cCw8ipfpR/e6BaaRA=
227,1513,n46iQUoQE0G6+onVuuET+8BS9cw=,+2nrgrnT06cCw8ipfpR/e6BaaRA=
228,1512,n46iQUoQE0G6+onVuuET+8BS9cw=,+2nrgrnT06cCw8ipfpR/e6BaaRA=
232,1512,n46iQUoQE0G6+onVuuET+8BS9cw=,+2nrgrnT06cCw8ipfpR/e6BaaRA=
235,1512,n46iQUoQE0G6+onVuuET+8BS9cw=,+2nrgrnT06cCw8ipfpR/e6BaaRA=
236,1511,n46iQUoQE0G6+onVuuET+8BS9cw=,+2nrgrnT06cCw8ipfpR/e6BaaRA=
224,1511,n46iQUoQE0G6+onVuuET+8BS9cw=,+2nrgrnT06cCw8ipfpR/e6BaaRA=
231,1504,n46iQUoQE0G6+onVuuET+8BS9cw=,+2nrgrnT06cCw8ipfpR/e6BaaRA=
229,1513,n46iQUoQE0G6+onVuuET+8BS9cw=,+2nrgrnT06cCw8ipfpR/e6BaaRA=
236,1512,n46iQUoQE0G6+onVuuET+8BS9cw=,+2nrgrnT06cCw8ipfpR/e6BaaRA=
239,1514,n46iQUoQE0G6+onVuuET+8BS9cw=,+2nrgrnT06cCw8ipfpR/e6BaaRA=
227,1512,n46iQUoQE0G6+onVuuET+8BS9cw=,+2nrgrnT06cCw8ipfpR/e6BaaRA=
225,1511,n46iQUoQE0G6+onVuuET+8BS9cw=,+2nrgrnT06cCw8ipfpR/e6BaaRA=
229,1512,n46iQUoQE0G6+onVuuET+8BS9cw=,+2nrgrnT06cCw8ipfpR/e6BaaRA=
239,1511,n46iQUoQE0G6+onVuuET+8BS9cw=,+2nrgrnT06cCw8ipfpR/e6BaaRA=
231,1511,n46iQUoQE0G6+onVuuET+8BS9cw=,+2nrgrnT06cCw8ipfpR/e6BaaRA=
238,1514,n46iQUoQE0G6+onVuuET+8BS9cw=,+2nrgrnT06cCw8ipfpR/e6BaaRA=
226,1511,n46iQUoQE0G6+onVuuET+8BS9cw=,+2nrgrnT06cCw8ipfpR/e6BaaRA=
228,1511,n46iQUoQE0G6+onVuuET+8BS9cw=,+2nrgrnT06cCw8ipfpR/e6BaaRA=
234,1515,n46iQUoQE0G6+onVuuET+8BS9cw=,+2nrgrnT06cCw8ipfpR/e6BaaRA=
229,1511,n46iQUoQE0G6+onVuuET+8BS9cw=,+2nrgrnT06cCw8ipfpR/e6BaaRA=
230,1511,n46iQUoQE0G6+onVuuET+8BS9cw=,+2nrgrnT06cCw8ipfpR/e6BaaRA=
232,1511,n46iQUoQE0G6+onVuuET+8BS9cw=,+2nrgrnT06cCw8ipfpR/e6BaaRA=
234,1512,n46iQUoQE0G6+onVuuET+8BS9cw=,+2nrgrnT06cCw8ipfpR/e6BaaRA=
236,1510,n46iQUoQE0G6+onVuuET+8BS9cw=,+2nrgrnT06cCw8ipfpR/e6BaaRA=
237,1510,n46iQUoQE0G6+onVuuET+8BS9cw=,+2nrgrnT06cCw8ipfpR/e6BaaRA=
237,1514,n46iQUoQE0G6+onVuuET+8BS9cw=,+2nrgrnT06cCw8ipfpR/e6BaaRA=
229,1510,n46iQUoQE0G6+onVuuET+8BS9cw=,+2nrgrnT06cCw8ipfpR/e6BaaRA=
232,1504,n46iQUoQE0G6+onVuuET+8BS9cw=,+2nrgrnT06cCw8ipfpR/e6BaaRA=
228,1510,n46iQUoQE0G6+onVuuET+8BS9cw=,+2nrgrnT06cCw8ipfpR/e6BaaRA=
239,1510,n46iQUoQE0G6+onVuuET+8BS9cw=,+2nrgrnT06cCw8ipfpR/e6BaaRA=
225,1510,n46iQUoQE0G6+onVuuET+8BS9cw=,+2nrgrnT06cCw8ipfpR/e6BaaRA=
233,1510,n46iQUoQE0G6+onVuuET+8BS9cw=,+2nrgrnT06cCw8ipfpR/e6BaaRA=
238,1510,n46iQUoQE0G6+onVuuET+8BS9cw=,+2nrgrnT06cCw8ipfpR/e6BaaRA=
234,1511,n46iQUoQE0G6+onVuuET+8BS9cw=,+2nrgrnT06cCw8ipfpR/e6BaaRA=
235,1511,n46iQUoQE0G6+onVuuET+8BS9cw=,+2nrgrnT06cCw8ipfpR/e6BaaRA=
235,1510,n46iQUoQE0G6+onVuuET+8BS9cw=,+2nrgrnT06cCw8ipfpR/e6BaaRA=
230,1510,n46iQUoQE0G6+onVuuET+8BS9cw=,+2nrgrnT06cCw8ipfpR/e6BaaRA=
238,1511,n46iQUoQE0G6+onVuuET+8BS9cw=,+2nrgrnT06cCw8ipfpR/e6BaaRA=
224,1510,n46iQUoQE0G6+onVuuET+8BS9cw=,+2nrgrnT06cCw8ipfpR/e6BaaRA=
234,1510,n46iQUoQE0G6+onVuuET+8BS9cw=,+2nrgrnT06cCw8ipfpR/e6BaaRA=
232,1513,n46iQUoQE0G6+onVuuET+8BS9cw=,+2nrgrnT06cCw8ipfpR/e6BaaRA=
226,1510,n46iQUoQE0G6+onVuuET+8BS9cw=,+2nrgrnT06cCw8ipfpR/e6BaaRA=
229,1509,n46iQUoQE0G6+onVuuET+8BS9cw=,+2nrgrnT06cCw8ipfpR/e6BaaRA=
231,1510,n46iQUoQE0G6+onVuuET+8BS9cw=,+2nrgrnT06cCw8ipfpR/e6BaaRA=
226,1509,n46iQUoQE0G6+onVuuET+8BS9cw=,+2nrgrnT06cCw8ipfpR/e6BaaRA=
235,1509,n46iQUoQE0G6+onVuuET+8BS9cw=,+2nrgrnT06cCw8ipfpR/e6BaaRA=
239,1509,n46iQUoQE0G6+onVuuET+8BS9cw=,+2nrgrnT06cCw8ipfpR/e6BaaRA=
225,1509,n46iQUoQE0G6+onVuuET+8BS9cw=,+2nrgrnT06cCw8ipfpR/e6BaaRA=
228,1509,n46iQUoQE0G6+onVuuET+8BS9cw=,+2nrgrnT06cCw8ipfpR/e6BaaRA=
233,1504,n46iQUoQE0G6+onVuuET+8BS9cw=,+2nrgrnT06cCw8ipfpR/e6BaaRA=
224,1509,n46iQUoQE0G6+onVuuET+8BS9cw=,+2nrgrnT06cCw8ipfpR/e6BaaRA=
232,1510,n46iQUoQE0G6+onVuuET+8BS9cw=,+2nrgrnT06cCw8ipfpR/e6BaaRA=
234,1508,n46iQUoQE0G6+onVuuET+8BS9cw=,+2nrgrnT06cCw8ipfpR/e6BaaRA=
232,1509,n46iQUoQE0G6+onVuuET+8BS9cw=,+2nrgrnT06cCw8ipfpR/e6BaaRA=
231,1509,n46iQUoQE0G6+onVuuET+8BS9cw=,+2nrgrnT06cCw8ipfpR/e6BaaRA=
234,1509,n46iQUoQE0G6+onVuuET+8BS9cw=,+2nrgrnT06cCw8ipfpR/e6BaaRA=
232,1508,n46iQUoQE0G6+onVuuET+8BS9cw=,+2nrgrnT06cCw8ipfpR/e6BaaRA=
230,1509,n46iQUoQE0G6+onVuuET+8BS9cw=,+2nrgrnT06cCw8ipfpR/e6BaaRA=
227,1510,n46iQUoQE0G6+onVuuET+8BS9cw=,+2nrgrnT06cCw8ipfpR/e6BaaRA=
231,1508,n46iQUoQE0G6+onVuuET+8BS9cw=,+2nrgrnT06cCw8ipfpR/e6BaaRA=
236,1509,n46iQUoQE0G6+onVuuET+8BS9cw=,+2nrgrnT06cCw8ipfpR/e6BaaRA=
238,1509,n46iQUoQE0G6+onVuuET+8BS9cw=,+2nrgrnT06cCw8ipfpR/e6BaaRA=
238,1508,n46iQUoQE0G6+onVuuET+8BS9cw=,+2nrgrnT06cCw8ipfpR/e6BaaRA=
231,1507,n46iQUoQE0G6+onVuuET+8BS9cw=,+2nrgrnT06cCw8ipfpR/e6BaaRA=
233,1509,n46iQUoQE0G6+onVuuET+8BS9cw=,+2nrgrnT06cCw8ipfpR/e6BaaRA=
237,1509,n46iQUoQE0G6+onVuuET+8BS9cw=,+2nrgrnT06cCw8ipfpR/e6BaaRA=
227,1509,n46iQUoQE0G6+onVuuET+8BS9cw=,+2nrgrnT06cCw8ipfpR/e6BaaRA=
234,1507,n46iQUoQE0G6+onVuuET+8BS9cw=,+2nrgrnT06cCw8ipfpR/e6BaaRA=
233,1508,n46iQUoQE0G6+onVuuET+8BS9cw=,+2nrgrnT06cCw8ipfpR/e6BaaRA=
225,1508,n46iQUoQE0G6+onVuuET+8BS9cw=,+2nrgrnT06cCw8ipfpR/e6BaaRA=
232,1507,n46iQUoQE0G6+onVuuET+8BS9cw=,+2nrgrnT06cCw8ipfpR/e6BaaRA=
237,1511,n46iQUoQE0G6+onVuuET+8BS9cw=,+2nrgrnT06cCw8ipfpR/e6BaaRA=
230,1507,n46iQUoQE0G6+onVuuET+8BS9cw=,+2nrgrnT06cCw8ipfpR/e6BaaRA=
237,1513,n46iQUoQE0G6+onVuuET+8BS9cw=,+2nrgrnT06cCw8ipfpR/e6BaaRA=
226,1508,n46iQUoQE0G6+onVuuET+8BS9cw=,+2nrgrnT06cCw8ipfpR/e6BaaRA=
233,1512,n46iQUoQE0G6+onVuuET+8BS9cw=,+2nrgrnT06cCw8ipfpR/e6BaaRA=
237,1512,n46iQUoQE0G6+onVuuET+8BS9cw=,+2nrgrnT06cCw8ipfpR/e6BaaRA=
235,1507,n46iQUoQE0G6+onVuuET+8BS9cw=,+2nrgrnT06cCw8ipfpR/e6BaaRA=
233,1507,n46iQUoQE0G6+onVuuET+8BS9cw=,+2nrgrnT06cCw8ipfpR/e6BaaRA=
230,1508,n46iQUoQE0G6+onVuuET+8BS9cw=,+2nrgrnT06cCw8ipfpR/e6BaaRA=
227,1508,n46iQUoQE0G6+onVuuET+8BS9cw=,+2nrgrnT06cCw8ipfpR/e6BaaRA=
228,1508,n46iQUoQE0G6+onVuuET+8BS9cw=,+2nrgrnT06cCw8ipfpR/e6BaaRA=
232,1506,n46iQUoQE0G6+onVuuET+8BS9cw=,+2nrgrnT06cCw8ipfpR/e6BaaRA=
231,1506,n46iQUoQE0G6+onVuuET+8BS9cw=,+2nrgrnT06cCw8ipfpR/e6BaaRA=
239,1507,n46iQUoQE0G6+onVuuET+8BS9cw=,+2nrgrnT06cCw8ipfpR/e6BaaRA=
225,1507,n46iQUoQE0G6+onVuuET+8BS9cw=,+2nrgrnT06cCw8ipfpR/e6BaaRA=
235,1506,n46iQUoQE0G6+onVuuET+8BS9cw=,+2nrgrnT06cCw8ipfpR/e6BaaRA=
236,1508,n46iQUoQE0G6+onVuuET+8BS9cw=,+2nrgrnT06cCw8ipfpR/e6BaaRA=
226,1507,n46iQUoQE0G6+onVuuET+8BS9cw=,+2nrgrnT06cCw8ipfpR/e6BaaRA=
229,1508,n46iQUoQE0G6+onVuuET+8BS9cw=,+2nrgrnT06cCw8ipfpR/e6BaaRA=
230,1506,n46iQUoQE0G6+onVuuET+8BS9cw=,+2nrgrnT06cCw8ipfpR/e6BaaRA=
229,1507,n46iQUoQE0G6+onVuuET+8BS9cw=,+2nrgrnT06cCw8ipfpR/e6BaaRA=
238,1506,n46iQUoQE0G6+onVuuET+8BS9cw=,+2nrgrnT06cCw8ipfpR/e6BaaRA=
234,1504,n46iQUoQE0G6+onVuuET+8BS9cw=,+2nrgrnT06cCw8ipfpR/e6BaaRA=
234,1506,n46iQUoQE0G6+onVuuET+8BS9cw=,+2nrgrnT06cCw8ipfpR/e6BaaRA=
224,1507,n46iQUoQE0G6+onVuuET+8BS9cw=,+2nrgrnT06cCw8ipfpR/e6BaaRA=
236,1507,n46iQUoQE0G6+onVuuET+8BS9cw=,+2nrgrnT06cCw8ipfpR/e6BaaRA=
233,1506,n46iQUoQE0G6+onVuuET+8BS9cw=,+2nrgrnT06cCw8ipfpR/e6BaaRA=
237,1506,n46iQUoQE0G6+onVuuET+8BS9cw=,+2nrgrnT06cCw8ipfpR/e6BaaRA=
225,1506,n46iQUoQE0G6+onVuuET+8BS9cw=,+2nrgrnT06cCw8ipfpR/e6BaaRA=
227,1507,n46iQUoQE0G6+onVuuET+8BS9cw=,+2nrgrnT06cCw8ipfpR/e6BaaRA=
235,1508,n46iQUoQE0G6+onVuuET+8BS9cw=,+2nrgrnT06cCw8ipfpR/e6BaaRA=
236,1506,n46iQUoQE0G6+onVuuET+8BS9cw=,+2nrgrnT06cCw8ipfpR/e6BaaRA=
225,1505,n46iQUoQE0G6+onVuuET+8BS9cw=,+2nrgrnT06cCw8ipfpR/e6BaaRA=
228,1507,n46iQUoQE0G6+onVuuET+8BS9cw=,+2nrgrnT06cCw8ipfpR/e6BaaRA=
226,1506,n46iQUoQE0G6+onVuuET+8BS9cw=,+2nrgrnT06cCw8ipfpR/e6BaaRA=
229,1505,n46iQUoQE0G6+onVuuET+8BS9cw=,+2nrgrnT06cCw8ipfpR/e6BaaRA=
224,1505,n46iQUoQE0G6+onVuuET+8BS9cw=,+2nrgrnT06cCw8ipfpR/e6BaaRA=
239,1505,n46iQUoQE0G6+onVuuET+8BS9cw=,+2nrgrnT06cCw8ipfpR/e6BaaRA=
236,1505,n46iQUoQE0G6+onVuuET+8BS9cw=,+2nrgrnT06cCw8ipfpR/e6BaaRA=
224,1508,n46iQUoQE0G6+onVuuET+8BS9cw=,+2nrgrnT06cCw8ipfpR/e6BaaRA=
232,1505,n46iQUoQE0G6+onVuuET+8BS9cw=,+2nrgrnT06cCw8ipfpR/e6BaaRA=
224,1506,n46iQUoQE0G6+onVuuET+8BS9cw=,+2nrgrnT06cCw8ipfpR/e6BaaRA=
234,1505,n46iQUoQE0G6+onVuuET+8BS9cw=,+2nrgrnT06cCw8ipfpR/e6BaaRA=
237,1508,n46iQUoQE0G6+onVuuET+8BS9cw=,+2nrgrnT06cCw8ipfpR/e6BaaRA=
230,1505,n46iQUoQE0G6+onVuuET+8BS9cw=,+2nrgrnT06cCw8ipfpR/e6BaaRA=
237,1505,n46iQUoQE0G6+onVuuET+8BS9cw=,+2nrgrnT06cCw8ipfpR/e6BaaRA=
239,1506,n46iQUoQE0G6+onVuuET+8BS9cw=,+2nrgrnT06cCw8ipfpR/e6BaaRA=
229,1506,n46iQUoQE0G6+onVuuET+8BS9cw=,+2nrgrnT06cCw8ipfpR/e6BaaRA=
233,1505,n46iQUoQE0G6+onVuuET+8BS9cw=,+2nrgrnT06cCw8ipfpR/e6BaaRA=
227,1505,n46iQUoQE0G6+onVuuET+8BS9cw=,+2nrgrnT06cCw8ipfpR/e6BaaRA=
239,1508,n46iQUoQE0G6+onVuuET+8BS9cw=,+2nrgrnT06cCw8ipfpR/e6BaaRA=
235,1505,n46iQUoQE0G6+onVuuET+8BS9cw=,+2nrgrnT06cCw8ipfpR/e6BaaRA=
239,1504,n46iQUoQE0G6+onVuuET+8BS9cw=,+2nrgrnT06cCw8ipfpR/e6BaaRA=
235,1504,n46iQUoQE0G6+onVuuET+8BS9cw=,+2nrgrnT06cCw8ipfpR/e6BaaRA=
227,1511,n46iQUoQE0G6+onVuuET+8BS9cw=,+2nrgrnT06cCw8ipfpR/e6BaaRA=
228,1506,n46iQUoQE0G6+onVuuET+8BS9cw=,+2nrgrnT06cCw8ipfpR/e6BaaRA=
238,1505,n46iQUoQE0G6+onVuuET+8BS9cw=,+2nrgrnT06cCw8ipfpR/e6BaaRA=
231,1505,n46iQUoQE0G6+onVuuET+8BS9cw=,+2nrgrnT06cCw8ipfpR/e6BaaRA=
226,1505,n46iQUoQE0G6+onVuuET+8BS9cw=,+2nrgrnT06cCw8ipfpR/e6BaaRA=
237,1504,n46iQUoQE0G6+onVuuET+8BS9cw=,+2nrgrnT06cCw8ipfpR/e6BaaRA=
233,1511,n46iQUoQE0G6+onVuuET+8BS9cw=,+2nrgrnT06cCw8ipfpR/e6BaaRA=
236,1504,n46iQUoQE0G6+onVuuET+8BS9cw=,+2nrgrnT06cCw8ipfpR/e6BaaRA=
237,1507,n46iQUoQE0G6+onVuuET+8BS9cw=,+2nrgrnT06cCw8ipfpR/e6BaaRA=
227,1506,n46iQUoQE0G6+onVuuET+8BS9cw=,+2nrgrnT06cCw8ipfpR/e6BaaRA=
238,1507,n46iQUoQE0G6+onVuuET+8BS9cw=,+2nrgrnT06cCw8ipfpR/e6BaaRA=
228,1505,n46iQUoQE0G6+onVuuET+8BS9cw=,+2nrgrnT06cCw8ipfpR/e6BaaRA=
238,1504,n46iQUoQE0G6+onVuuET+8BS9cw=,+2nrgrnT06cCw8ipfpR/e6BaaRA=
255,1519,loo4cb8lMgaHVh98EZYkeqaB+0s=,+2nrgrnT06cCw8ipfpR/e6BaaRA=
254,1519,loo4cb8lMgaHVh98EZYkeqaB+0s=,+2nrgrnT06cCw8ipfpR/e6BaaRA=
252,1519,loo4cb8lMgaHVh98EZYkeqaB+0s=,+2nrgrnT06cCw8ipfpR/e6BaaRA=
251,1519,loo4cb8lMgaHVh98EZYkeqaB+0s=,+2nrgrnT06cCw8ipfpR/e6BaaRA=
253,1519,loo4cb8lMgaHVh98EZYkeqaB+0s=,+2nrgrnT06cCw8ipfpR/e6BaaRA=
249,1519,loo4cb8lMgaHVh98EZYkeqaB+0s=,+2nrgrnT06cCw8ipfpR/e6BaaRA=
250,1519,loo4cb8lMgaHVh98EZYkeqaB+0s=,+2nrgrnT06cCw8ipfpR/e6BaaRA=
248,1519,loo4cb8lMgaHVh98EZYkeqaB+0s=,+2nrgrnT06cCw8ipfpR/e6BaaRA=
246,1519,loo4cb8lMgaHVh98EZYkeqaB+0s=,+2nrgrnT06cCw8ipfpR/e6BaaRA=
245,1519,loo4cb8lMgaHVh98EZYkeqaB+0s=,+2nrgrnT06cCw8ipfpR/e6BaaRA=
244,1519,loo4cb8lMgaHVh98EZYkeqaB+0s=,+2nrgrnT06cCw8ipfpR/e6BaaRA=
247,1519,loo4cb8lMgaHVh98EZYkeqaB+0s=,+2nrgrnT06cCw8ipfpR/e6BaaRA=
243,1519,loo4cb8lMgaHVh98EZYkeqaB+0s=,+2nrgrnT06cCw8ipfpR/e6BaaRA=
241,1519,loo4cb8lMgaHVh98EZYkeqaB+0s=,+2nrgrnT06cCw8ipfpR/e6BaaRA=
240,1519,loo4cb8lMgaHVh98EZYkeqaB+0s=,+2nrgrnT06cCw8ipfpR/e6BaaRA=
255,1518,loo4cb8lMgaHVh98EZYkeqaB+0s=,+2nrgrnT06cCw8ipfpR/e6BaaRA=
254,1518,loo4cb8lMgaHVh98EZYkeqaB+0s=,+2nrgrnT06cCw8ipfpR/e6BaaRA=
252,1518,loo4cb8lMgaHVh98EZYkeqaB+0s=,+2nrgrnT06cCw8ipfpR/e6BaaRA=
253,1518,loo4cb8lMgaHVh98EZYkeqaB+0s=,+2nrgrnT06cCw8ipfpR/e6BaaRA=
242,1519,loo4cb8lMgaHVh98EZYkeqaB+0s=,+2nrgrnT06cCw8ipfpR/e6BaaRA=
251,1518,loo4cb8lMgaHVh98EZYkeqaB+0s=,+2nrgrnT06cCw8ipfpR/e6BaaRA=
247,1518,loo4cb8lMgaHVh98EZYkeqaB+0s=,+2nrgrnT06cCw8ipfpR/e6BaaRA=
248,1518,loo4cb8lMgaHVh98EZYkeqaB+0s=,+2nrgrnT06cCw8ipfpR/e6BaaRA=
249,1518,loo4cb8lMgaHVh98EZYkeqaB+0s=,+2nrgrnT06cCw8ipfpR/e6BaaRA=
250,1518,loo4cb8lMgaHVh98EZYkeqaB+0s=,+2nrgrnT06cCw8ipfpR/e6BaaRA=
244,1518,loo4cb8lMgaHVh98EZYkeqaB+0s=,+2nrgrnT06cCw8ipfpR/e6BaaRA=
245,1518,loo4cb8lMgaHVh98EZYkeqaB+0s=,+2nrgrnT06cCw8ipfpR/e6BaaRA=
243,1518,loo4cb8lMgaHVh98EZYkeqaB+0s=,+2nrgrnT06cCw8ipfpR/e6BaaRA=
242,1518,loo4cb8lMgaHVh98EZYkeqaB+0s=,+2nrgrnT06cCw8ipfpR/e6BaaRA=
246,1518,loo4cb8lMgaHVh98EZYkeqaB+0s=,+2nrgrnT06cCw8ipfpR/e6BaaRA=
240,1518,loo4cb8lMgaHVh98EZYkeqaB+0s=,+2nrgrnT06cCw8ipfpR/e6BaaRA=
241,1518,loo4cb8lMgaHVh98EZYkeqaB+0s=,+2nrgrnT06cCw8ipfpR/e6BaaRA=
255,1517,loo4cb8lMgaHVh98EZYkeqaB+0s=,+2nrgrnT06cCw8ipfpR/e6BaaRA=
254,1517,loo4cb8lMgaHVh98EZYkeqaB+0s=,+2nrgrnT06cCw8ipfpR/e6BaaRA=
253,1517,loo4cb8lMgaHVh98EZYkeqaB+0s=,+2nrgrnT06cCw8ipfpR/e6BaaRA=
252,1517,loo4cb8lMgaHVh98EZYkeqaB+0s=,+2nrgrnT06cCw8ipfpR/e6BaaRA=
251,1517,loo4cb8lMgaHVh98EZYkeqaB+0s=,+2nrgrnT06cCw8ipfpR/e6BaaRA=
249,1517,loo4cb8lMgaHVh98EZYkeqaB+0s=,+2nrgrnT06cCw8ipfpR/e6BaaRA=
250,1517,loo4cb8lMgaHVh98EZYkeqaB+0s=,+2nrgrnT06cCw8ipfpR/e6BaaRA=
248,1517,loo4cb8lMgaHVh98EZYkeqaB+0s=,+2nrgrnT06cCw8ipfpR/e6BaaRA=
247,1517,loo4cb8lMgaHVh98EZYkeqaB+0s=,+2nrgrnT06cCw8ipfpR/e6BaaRA=
246,1517,loo4cb8lMgaHVh98EZYkeqaB+0s=,+2nrgrnT06cCw8ipfpR/e6BaaRA=
244,1517,loo4cb8lMgaHVh98EZYkeqaB+0s=,+2nrgrnT06cCw8ipfpR/e6BaaRA=
245,1517,loo4cb8lMgaHVh98EZYkeqaB+0s=,+2nrgrnT06cCw8ipfpR/e6BaaRA=
242,1517,loo4cb8lMgaHVh98EZYkeqaB+0s=,+2nrgrnT06cCw8ipfpR/e6BaaRA=
255,1516,loo4cb8lMgaHVh98EZYkeqaB+0s=,+2nrgrnT06cCw8ipfpR/e6BaaRA=
254,1516,loo4cb8lMgaHVh98EZYkeqaB+0s=,+2nrgrnT06cCw8ipfpR/e6BaaRA=
240,1517,loo4cb8lMgaHVh98EZYkeqaB+0s=,+2nrgrnT06cCw8ipfpR/e6BaaRA=
253,1516,loo4cb8lMgaHVh98EZYkeqaB+0s=,+2nrgrnT06cCw8ipfpR/e6BaaRA=
241,1517,loo4cb8lMgaHVh98EZYkeqaB+0s=,+2nrgrnT06cCw8ipfpR/e6BaaRA=
243,1517,loo4cb8lMgaHVh98EZYkeqaB+0s=,+2nrgrnT06cCw8ipfpR/e6BaaRA=
252,1516,loo4cb8lMgaHVh98EZYkeqaB+0s=,+2nrgrnT06cCw8ipfpR/e6BaaRA=
249,1516,loo4cb8lMgaHVh98EZYkeqaB+0s=,+2nrgrnT06cCw8ipfpR/e6BaaRA=
248,1516,loo4cb8lMgaHVh98EZYkeqaB+0s=,+2nrgrnT06cCw8ipfpR/e6BaaRA=
250,1516,loo4cb8lMgaHVh98EZYkeqaB+0s=,+2nrgrnT06cCw8ipfpR/e6BaaRA=
251,1516,loo4cb8lMgaHVh98EZYkeqaB+0s=,+2nrgrnT06cCw8ipfpR/e6BaaRA=
247,1516,loo4cb8lMgaHVh98EZYkeqaB+0s=,+2nrgrnT06cCw8ipfpR/e6BaaRA=
245,1516,loo4cb8lMgaHVh98EZYkeqaB+0s=,+2nrgrnT06cCw8ipfpR/e6BaaRA=
246,1516,loo4cb8lMgaHVh98EZYkeqaB+0s=,+2nrgrnT06cCw8ipfpR/e6BaaRA=
244,1516,loo4cb8lMgaHVh98EZYkeqaB+0s=,+2nrgrnT06cCw8ipfpR/e6BaaRA=
242,1516,loo4cb8lMgaHVh98EZYkeqaB+0s=,+2nrgrnT06cCw8ipfpR/e6BaaRA=
243,1516,loo4cb8lMgaHVh98EZYkeqaB+0s=,+2nrgrnT06cCw8ipfpR/e6BaaRA=
240,1516,loo4cb8lMgaHVh98EZYkeqaB+0s=,+2nrgrnT06cCw8ipfpR/e6BaaRA=
241,1516,loo4cb8lMgaHVh98EZYkeqaB+0s=,+2nrgrnT06cCw8ipfpR/e6BaaRA=
253,1515,loo4cb8lMgaHVh98EZYkeqaB+0s=,+2nrgrnT06cCw8ipfpR/e6BaaRA=
255,1515,loo4cb8lMgaHVh98EZYkeqaB+0s=,+2nrgrnT06cCw8ipfpR/e6BaaRA=
254,1515,loo4cb8lMgaHVh98EZYkeqaB+0s=,+2nrgrnT06cCw8ipfpR/e6BaaRA=
251,1515,loo4cb8lMgaHVh98EZYkeqaB+0s=,+2nrgrnT06cCw8ipfpR/e6BaaRA=
252,1515,loo4cb8lMgaHVh98EZYkeqaB+0s=,+2nrgrnT06cCw8ipfpR/e6BaaRA=
249,1515,loo4cb8lMgaHVh98EZYkeqaB+0s=,+2nrgrnT06cCw8ipfpR/e6BaaRA=
250,1515,loo4cb8lMgaHVh98EZYkeqaB+0s=,+2nrgrnT06cCw8ipfpR/e6BaaRA=
248,1515,loo4cb8lMgaHVh98EZYkeqaB+0s=,+2nrgrnT06cCw8ipfpR/e6BaaRA=
247,1515,loo4cb8lMgaHVh98EZYkeqaB+0s=,+2nrgrnT06cCw8ipfpR/e6BaaRA=
246,1515,loo4cb8lMgaHVh98EZYkeqaB+0s=,+2nrgrnT06cCw8ipfpR/e6BaaRA=
244,1515,loo4cb8lMgaHVh98EZYkeqaB+0s=,+2nrgrnT06cCw8ipfpR/e6BaaRA=
243,1515,loo4cb8lMgaHVh98EZYkeqaB+0s=,+2nrgrnT06cCw8ipfpR/e6BaaRA=
245,1515,loo4cb8lMgaHVh98EZYkeqaB+0s=,+2nrgrnT06cCw8ipfpR/e6BaaRA=
242,1515,loo4cb8lMgaHVh98EZYkeqaB+0s=,+2nrgrnT06cCw8ipfpR/e6BaaRA=
240,1515,loo4cb8lMgaHVh98EZYkeqaB+0s=,+2nrgrnT06cCw8ipfpR/e6BaaRA=
241,1515,loo4cb8lMgaHVh98EZYkeqaB+0s=,+2nrgrnT06cCw8ipfpR/e6BaaRA=
252,1514,loo4cb8lMgaHVh98EZYkeqaB+0s=,+2nrgrnT06cCw8ipfpR/e6BaaRA=
253,1514,loo4cb8lMgaHVh98EZYkeqaB+0s=,+2nrgrnT06cCw8ipfpR/e6BaaRA=
255,1514,loo4cb8lMgaHVh98EZYkeqaB+0s=,+2nrgrnT06cCw8ipfpR/e6BaaRA=
251,1514,loo4cb8lMgaHVh98EZYkeqaB+0s=,+2nrgrnT06cCw8ipfpR/e6BaaRA=
254,1514,loo4cb8lMgaHVh98EZYkeqaB+0s=,+2nrgrnT06cCw8ipfpR/e6BaaRA=
247,1514,loo4cb8lMgaHVh98EZYkeqaB+0s=,+2nrgrnT06cCw8ipfpR/e6BaaRA=
249,1514,loo4cb8lMgaHVh98EZYkeqaB+0s=,+2nrgrnT06cCw8ipfpR/e6BaaRA=
250,1514,loo4cb8lMgaHVh98EZYkeqaB+0s=,+2nrgrnT06cCw8ipfpR/e6BaaRA=
248,1514,loo4cb8lMgaHVh98EZYkeqaB+0s=,+2nrgrnT06cCw8ipfpR/e6BaaRA=
244,1514,loo4cb8lMgaHVh98EZYkeqaB+0s=,+2nrgrnT06cCw8ipfpR/e6BaaRA=
246,1514,loo4cb8lMgaHVh98EZYkeqaB+0s=,+2nrgrnT06cCw8ipfpR/e6BaaRA=
243,1514,loo4cb8lMgaHVh98EZYkeqaB+0s=,+2nrgrnT06cCw8ipfpR/e6BaaRA=
242,1514,loo4cb8lMgaHVh98EZYkeqaB+0s=,+2nrgrnT06cCw8ipfpR/e6BaaRA=
254,1513,loo4cb8lMgaHVh98EZYkeqaB+0s=,+2nrgrnT06cCw8ipfpR/e6BaaRA=
240,1514,loo4cb8lMgaHVh98EZYkeqaB+0s=,+2nrgrnT06cCw8ipfpR/e6BaaRA=
255,1513,loo4cb8lMgaHVh98EZYkeqaB+0s=,+2nrgrnT06cCw8ipfpR/e6BaaRA=
245,1514,loo4cb8lMgaHVh98EZYkeqaB+0s=,+2nrgrnT06cCw8ipfpR/e6BaaRA=
241,1514,loo4cb8lMgaHVh98EZYkeqaB+0s=,+2nrgrnT06cCw8ipfpR/e6BaaRA=
252,1513,loo4cb8lMgaHVh98EZYkeqaB+0s=,+2nrgrnT06cCw8ipfpR/e6BaaRA=
247,1513,loo4cb8lMgaHVh98EZYkeqaB+0s=,+2nrgrnT06cCw8ipfpR/e6BaaRA=
253,1513,loo4cb8lMgaHVh98EZYkeqaB+0s=,+2nrgrnT06cCw8ipfpR/e6BaaRA=
248,1513,loo4cb8lMgaHVh98EZYkeqaB+0s=,+2nrgrnT06cCw8ipfpR/e6BaaRA=
245,1513,loo4cb8lMgaHVh98EZYkeqaB+0s=,+2nrgrnT06cCw8ipfpR/e6BaaRA=
246,1513,loo4cb8lMgaHVh98EZYkeqaB+0s=,+2nrgrnT06cCw8ipfpR/e6BaaRA=
244,1513,loo4cb8lMgaHVh98EZYkeqaB+0s=,+2nrgrnT06cCw8ipfpR/e6BaaRA=
241,1513,loo4cb8lMgaHVh98EZYkeqaB+0s=,+2nrgrnT06cCw8ipfpR/e6BaaRA=
255,1512,loo4cb8lMgaHVh98EZYkeqaB+0s=,+2nrgrnT06cCw8ipfpR/e6BaaRA=
254,1512,loo4cb8lMgaHVh98EZYkeqaB+0s=,+2nrgrnT06cCw8ipfpR/e6BaaRA=
253,1512,loo4cb8lMgaHVh98EZYkeqaB+0s=,+2nrgrnT06cCw8ipfpR/e6BaaRA=
252,1512,loo4cb8lMgaHVh98EZYkeqaB+0s=,+2nrgrnT06cCw8ipfpR/e6BaaRA=
240,1513,loo4cb8lMgaHVh98EZYkeqaB+0s=,+2nrgrnT06cCw8ipfpR/e6BaaRA=
243,1513,loo4cb8lMgaHVh98EZYkeqaB+0s=,+2nrgrnT06cCw8ipfpR/e6BaaRA=
249,1512,loo4cb8lMgaHVh98EZYkeqaB+0s=,+2nrgrnT06cCw8ipfpR/e6BaaRA=
251,1512,loo4cb8lMgaHVh98EZYkeqaB+0s=,+2nrgrnT06cCw8ipfpR/e6BaaRA=
247,1512,loo4cb8lMgaHVh98EZYkeqaB+0s=,+2nrgrnT06cCw8ipfpR/e6BaaRA=
246,1512,loo4cb8lMgaHVh98EZYkeqaB+0s=,+2nrgrnT06cCw8ipfpR/e6BaaRA=
244,1512,loo4cb8lMgaHVh98EZYkeqaB+0s=,+2nrgrnT06cCw8ipfpR/e6BaaRA=
245,1512,loo4cb8lMgaHVh98EZYkeqaB+0s=,+2nrgrnT06cCw8ipfpR/e6BaaRA=
243,1512,loo4cb8lMgaHVh98EZYkeqaB+0s=,+2nrgrnT06cCw8ipfpR/e6BaaRA=
241,1512,loo4cb8lMgaHVh98EZYkeqaB+0s=,+2nrgrnT06cCw8ipfpR/e6BaaRA=
250,1513,loo4cb8lMgaHVh98EZYkeqaB+0s=,+2nrgrnT06cCw8ipfpR/e6BaaRA=
248,1512,loo4cb8lMgaHVh98EZYkeqaB+0s=,+2nrgrnT06cCw8ipfpR/e6BaaRA=
240,1512,loo4cb8lMgaHVh98EZYkeqaB+0s=,+2nrgrnT06cCw8ipfpR/e6BaaRA=
242,1512,loo4cb8lMgaHVh98EZYkeqaB+0s=,+2nrgrnT06cCw8ipfpR/e6BaaRA=
255,1511,loo4cb8lMgaHVh98EZYkeqaB+0s=,+2nrgrnT06cCw8ipfpR/e6BaaRA=
253,1511,loo4cb8lMgaHVh98EZYkeqaB+0s=,+2nrgrnT06cCw8ipfpR/e6BaaRA=
249,1513,loo4cb8lMgaHVh98EZYkeqaB+0s=,+2nrgrnT06cCw8ipfpR/e6BaaRA=
251,1511,loo4cb8lMgaHVh98EZYkeqaB+0s=,+2nrgrnT06cCw8ipfpR/e6BaaRA=
254,1511,loo4cb8lMgaHVh98EZYkeqaB+0s=,+2nrgrnT06cCw8ipfpR/e6BaaRA=
249,1511,loo4cb8lMgaHVh98EZYkeqaB+0s=,+2nrgrnT06cCw8ipfpR/e6BaaRA=
250,1511,loo4cb8lMgaHVh98EZYkeqaB+0s=,+2nrgrnT06cCw8ipfpR/e6BaaRA=
247,1511,loo4cb8lMgaHVh98EZYkeqaB+0s=,+2nrgrnT06cCw8ipfpR/e6BaaRA=
248,1511,loo4cb8lMgaHVh98EZYkeqaB+0s=,+2nrgrnT06cCw8ipfpR/e6BaaRA=
252,1511,loo4cb8lMgaHVh98EZYkeqaB+0s=,+2nrgrnT06cCw8ipfpR/e6BaaRA=
251,1513,loo4cb8lMgaHVh98EZYkeqaB+0s=,+2nrgrnT06cCw8ipfpR/e6BaaRA=
241,1511,loo4cb8lMgaHVh98EZYkeqaB+0s=,+2nrgrnT06cCw8ipfpR/e6BaaRA=
246,1511,loo4cb8lMgaHVh98EZYkeqaB+0s=,+2nrgrnT06cCw8ipfpR/e6BaaRA=
242,1511,loo4cb8lMgaHVh98EZYkeqaB+0s=,+2nrgrnT06cCw8ipfpR/e6BaaRA=
243,1511,loo4cb8lMgaHVh98EZYkeqaB+0s=,+2nrgrnT06cCw8ipfpR/e6BaaRA=
244,1511,loo4cb8lMgaHVh98EZYkeqaB+0s=,+2nrgrnT06cCw8ipfpR/e6BaaRA=
254,1510,loo4cb8lMgaHVh98EZYkeqaB+0s=,+2nrgrnT06cCw8ipfpR/e6BaaRA=
240,1511,loo4cb8lMgaHVh98EZYkeqaB+0s=,+2nrgrnT06cCw8ipfpR/e6BaaRA=
255,1510,loo4cb8lMgaHVh98EZYkeqaB+0s=,+2nrgrnT06cCw8ipfpR/e6BaaRA=
250,1512,loo4cb8lMgaHVh98EZYkeqaB+0s=,+2nrgrnT06cCw8ipfpR/e6BaaRA=
253,1510,loo4cb8lMgaHVh98EZYkeqaB+0s=,+2nrgrnT06cCw8ipfpR/e6BaaRA=
251,1510,loo4cb8lMgaHVh98EZYkeqaB+0s=,+2nrgrnT06cCw8ipfpR/e6BaaRA=
248,1510,loo4cb8lMgaHVh98EZYkeqaB+0s=,+2nrgrnT06cCw8ipfpR/e6BaaRA=
250,1510,loo4cb8lMgaHVh98EZYkeqaB+0s=,+2nrgrnT06cCw8ipfpR/e6BaaRA=
252,1510,loo4cb8lMgaHVh98EZYkeqaB+0s=,+2nrgrnT06cCw8ipfpR/e6BaaRA=
249,1510,loo4cb8lMgaHVh98EZYkeqaB+0s=,+2nrgrnT06cCw8ipfpR/e6BaaRA=
245,1511,loo4cb8lMgaHVh98EZYkeqaB+0s=,+2nrgrnT06cCw8ipfpR/e6BaaRA=
244,1510,loo4cb8lMgaHVh98EZYkeqaB+0s=,+2nrgrnT06cCw8ipfpR/e6BaaRA=
247,1510,loo4cb8lMgaHVh98EZYkeqaB+0s=,+2nrgrnT06cCw8ipfpR/e6BaaRA=
243,1510,loo4cb8lMgaHVh98EZYkeqaB+0s=,+2nrgrnT06cCw8ipfpR/e6BaaRA=
241,1510,loo4cb8lMgaHVh98EZYkeqaB+0s=,+2nrgrnT06cCw8ipfpR/e6BaaRA=
242,1513,loo4cb8lMgaHVh98EZYkeqaB+0s=,+2nrgrnT06cCw8ipfpR/e6BaaRA=
240,1510,loo4cb8lMgaHVh98EZYkeqaB+0s=,+2nrgrnT06cCw8ipfpR/e6BaaRA=
245,1510,loo4cb8lMgaHVh98EZYkeqaB+0s=,+2nrgrnT06cCw8ipfpR/e6BaaRA=
246,1510,loo4cb8lMgaHVh98EZYkeqaB+0s=,+2nrgrnT06cCw8ipfpR/e6BaaRA=
255,1509,loo4cb8lMgaHVh98EZYkeqaB+0s=,+2nrgrnT06cCw8ipfpR/e6BaaRA=
254,1509,loo4cb8lMgaHVh98EZYkeqaB+0s=,+2nrgrnT06cCw8ipfpR/e6BaaRA=
242,1510,loo4cb8lMgaHVh98EZYkeqaB+0s=,+2nrgrnT06cCw8ipfpR/e6BaaRA=
250,1509,loo4cb8lMgaHVh98EZYkeqaB+0s=,+2nrgrnT06cCw8ipfpR/e6BaaRA=
252,1509,loo4cb8lMgaHVh98EZYkeqaB+0s=,+2nrgrnT06cCw8ipfpR/e6BaaRA=
249,1509,loo4cb8lMgaHVh98EZYkeqaB+0s=,+2nrgrnT06cCw8ipfpR/e6BaaRA=
247,1509,loo4cb8lMgaHVh98EZYkeqaB+0s=,+2nrgrnT06cCw8ipfpR/e6BaaRA=
251,1509,loo4cb8lMgaHVh98EZYkeqaB+0s=,+2nrgrnT06cCw8ipfpR/e6BaaRA=
253,1509,loo4cb8lMgaHVh98EZYkeqaB+0s=,+2nrgrnT06cCw8ipfpR/e6BaaRA=
248,1509,loo4cb8lMgaHVh98EZYkeqaB+0s=,+2nrgrnT06cCw8ipfpR/e6BaaRA=
245,1509,loo4cb8lMgaHVh98EZYkeqaB+0s=,+2nrgrnT06cCw8ipfpR/e6BaaRA=
244,1509,loo4cb8lMgaHVh98EZYkeqaB+0s=,+2nrgrnT06cCw8ipfpR/e6BaaRA=
242,1509,loo4cb8lMgaHVh98EZYkeqaB+0s=,+2nrgrnT06cCw8ipfpR/e6BaaRA=
243,1509,loo4cb8lMgaHVh98EZYkeqaB+0s=,+2nrgrnT06cCw8ipfpR/e6BaaRA=
246,1509,loo4cb8lMgaHVh98EZYkeqaB+0s=,+2nrgrnT06cCw8ipfpR/e6BaaRA=
253,1508,loo4cb8lMgaHVh98EZYkeqaB+0s=,+2nrgrnT06cCw8ipfpR/e6BaaRA=
240,1509,loo4cb8lMgaHVh98EZYkeqaB+0s=,+2nrgrnT06cCw8ipfpR/e6BaaRA=
241,1509,loo4cb8lMgaHVh98EZYkeqaB+0s=,+2nrgrnT06cCw8ipfpR/e6BaaRA=
255,1508,loo4cb8lMgaHVh98EZYkeqaB+0s=,+2nrgrnT06cCw8ipfpR/e6BaaRA=
254,1508,loo4cb8lMgaHVh98EZYkeqaB+0s=,+2nrgrnT06cCw8ipfpR/e6BaaRA=
250,1508,loo4cb8lMgaHVh98EZYkeqaB+0s=,+2nrgrnT06cCw8ipfpR/e6BaaRA=
247,1508,loo4cb8lMgaHVh98EZYkeqaB+0s=,+2nrgrnT06cCw8ipfpR/e6BaaRA=
249,1508,loo4cb8lMgaHVh98EZYkeqaB+0s=,+2nrgrnT06cCw8ipfpR/e6BaaRA=
252,1508,loo4cb8lMgaHVh98EZYkeqaB+0s=,+2nrgrnT06cCw8ipfpR/e6BaaRA=
245,1508,loo4cb8lMgaHVh98EZYkeqaB+0s=,+2nrgrnT06cCw8ipfpR/e6BaaRA=
251,1508,loo4cb8lMgaHVh98EZYkeqaB+0s=,+2nrgrnT06cCw8ipfpR/e6BaaRA=
248,1508,loo4cb8lMgaHVh98EZYkeqaB+0s=,+2nrgrnT06cCw8ipfpR/e6BaaRA=
252,1507,loo4cb8lMgaHVh98EZYkeqaB+0s=,+2nrgrnT06cCw8ipfpR/e6BaaRA=
244,1508,loo4cb8lMgaHVh98EZYkeqaB+0s=,+2nrgrnT06cCw8ipfpR/e6BaaRA=
241,1508,loo4cb8lMgaHVh98EZYkeqaB+0s=,+2nrgrnT06cCw8ipfpR/e6BaaRA=
253,1507,loo4cb8lMgaHVh98EZYkeqaB+0s=,+2nrgrnT06cCw8ipfpR/e6BaaRA=
247,1507,loo4cb8lMgaHVh98EZYkeqaB+0s=,+2nrgrnT06cCw8ipfpR/e6BaaRA=
251,1507,loo4cb8lMgaHVh98EZYkeqaB+0s=,+2nrgrnT06cCw8ipfpR/e6BaaRA=
255,1507,loo4cb8lMgaHVh98EZYkeqaB+0s=,+2nrgrnT06cCw8ipfpR/e6BaaRA=
240,1508,loo4cb8lMgaHVh98EZYkeqaB+0s=,+2nrgrnT06cCw8ipfpR/e6BaaRA=
246,1508,loo4cb8lMgaHVh98EZYkeqaB+0s=,+2nrgrnT06cCw8ipfpR/e6BaaRA=
242,1508,loo4cb8lMgaHVh98EZYkeqaB+0s=,+2nrgrnT06cCw8ipfpR/e6BaaRA=
243,1508,loo4cb8lMgaHVh98EZYkeqaB+0s=,+2nrgrnT06cCw8ipfpR/e6BaaRA=
250,1507,loo4cb8lMgaHVh98EZYkeqaB+0s=,+2nrgrnT06cCw8ipfpR/e6BaaRA=
248,1507,loo4cb8lMgaHVh98EZYkeqaB+0s=,+2nrgrnT06cCw8ipfpR/e6BaaRA=
244,1507,loo4cb8lMgaHVh98EZYkeqaB+0s=,+2nrgrnT06cCw8ipfpR/e6BaaRA=
246,1507,loo4cb8lMgaHVh98EZYkeqaB+0s=,+2nrgrnT06cCw8ipfpR/e6BaaRA=
249,1507,loo4cb8lMgaHVh98EZYkeqaB+0s=,+2nrgrnT06cCw8ipfpR/e6BaaRA=
245,1507,loo4cb8lMgaHVh98EZYkeqaB+0s=,+2nrgrnT06cCw8ipfpR/e6BaaRA=
254,1507,loo4cb8lMgaHVh98EZYkeqaB+0s=,+2nrgrnT06cCw8ipfpR/e6BaaRA=
254,1506,loo4cb8lMgaHVh98EZYkeqaB+0s=,+2nrgrnT06cCw8ipfpR/e6BaaRA=
253,1506,loo4cb8lMgaHVh98EZYkeqaB+0s=,+2nrgrnT06cCw8ipfpR/e6BaaRA=
252,1506,loo4cb8lMgaHVh98EZYkeqaB+0s=,+2nrgrnT06cCw8ipfpR/e6BaaRA=
251,1506,loo4cb8lMgaHVh98EZYkeqaB+0s=,+2nrgrnT06cCw8ipfpR/e6BaaRA=
255,1506,loo4cb8lMgaHVh98EZYkeqaB+0s=,+2nrgrnT06cCw8ipfpR/e6BaaRA=
247,1506,loo4cb8lMgaHVh98EZYkeqaB+0s=,+2nrgrnT06cCw8ipfpR/e6BaaRA=
249,1506,loo4cb8lMgaHVh98EZYkeqaB+0s=,+2nrgrnT06cCw8ipfpR/e6BaaRA=
248,1506,loo4cb8lMgaHVh98EZYkeqaB+0s=,+2nrgrnT06cCw8ipfpR/e6BaaRA=
245,1506,loo4cb8lMgaHVh98EZYkeqaB+0s=,+2nrgrnT06cCw8ipfpR/e6BaaRA=
246,1506,loo4cb8lMgaHVh98EZYkeqaB+0s=,+2nrgrnT06cCw8ipfpR/e6BaaRA=
244,1506,loo4cb8lMgaHVh98EZYkeqaB+0s=,+2nrgrnT06cCw8ipfpR/e6BaaRA=
250,1506,loo4cb8lMgaHVh98EZYkeqaB+0s=,+2nrgrnT06cCw8ipfpR/e6BaaRA=
255,1505,loo4cb8lMgaHVh98EZYkeqaB+0s=,+2nrgrnT06cCw8ipfpR/e6BaaRA=
254,1505,loo4cb8lMgaHVh98EZYkeqaB+0s=,+2nrgrnT06cCw8ipfpR/e6BaaRA=
252,1505,loo4cb8lMgaHVh98EZYkeqaB+0s=,+2nrgrnT06cCw8ipfpR/e6BaaRA=
250,1505,loo4cb8lMgaHVh98EZYkeqaB+0s=,+2nrgrnT06cCw8ipfpR/e6BaaRA=
249,1505,loo4cb8lMgaHVh98EZYkeqaB+0s=,+2nrgrnT06cCw8ipfpR/e6BaaRA=
251,1505,loo4cb8lMgaHVh98EZYkeqaB+0s=,+2nrgrnT06cCw8ipfpR/e6BaaRA=
253,1505,loo4cb8lMgaHVh98EZYkeqaB+0s=,+2nrgrnT06cCw8ipfpR/e6BaaRA=
246,1505,loo4cb8lMgaHVh98EZYkeqaB+0s=,+2nrgrnT06cCw8ipfpR/e6BaaRA=
245,1505,loo4cb8lMgaHVh98EZYkeqaB+0s=,+2nrgrnT06cCw8ipfpR/e6BaaRA=
247,1505,loo4cb8lMgaHVh98EZYkeqaB+0s=,+2nrgrnT06cCw8ipfpR/e6BaaRA=
248,1505,loo4cb8lMgaHVh98EZYkeqaB+0s=,+2nrgrnT06cCw8ipfpR/e6BaaRA=
255,1504,loo4cb8lMgaHVh98EZYkeqaB+0s=,+2nrgrnT06cCw8ipfpR/e6BaaRA=
244,1505,loo4cb8lMgaHVh98EZYkeqaB+0s=,+2nrgrnT06cCw8ipfpR/e6BaaRA=
254,1504,loo4cb8lMgaHVh98EZYkeqaB+0s=,+2nrgrnT06cCw8ipfpR/e6BaaRA=
252,1504,loo4cb8lMgaHVh98EZYkeqaB+0s=,+2nrgrnT06cCw8ipfpR/e6BaaRA=
253,1504,loo4cb8lMgaHVh98EZYkeqaB+0s=,+2nrgrnT06cCw8ipfpR/e6BaaRA=
251,1504,loo4cb8lMgaHVh98EZYkeqaB+0s=,+2nrgrnT06cCw8ipfpR/e6BaaRA=
250,1504,loo4cb8lMgaHVh98EZYkeqaB+0s=,+2nrgrnT06cCw8ipfpR/e6BaaRA=
247,1504,loo4cb8lMgaHVh98EZYkeqaB+0s=,+2nrgrnT06cCw8ipfpR/e6BaaRA=
248,1504,loo4cb8lMgaHVh98EZYkeqaB+0s=,+2nrgrnT06cCw8ipfpR/e6BaaRA=
249,1504,loo4cb8lMgaHVh98EZYkeqaB+0s=,+2nrgrnT06cCw8ipfpR/e6BaaRA=
244,1504,loo4cb8lMgaHVh98EZYkeqaB+0s=,+2nrgrnT06cCw8ipfpR/e6BaaRA=
245,1504,loo4cb8lMgaHVh98EZYkeqaB+0s=,+2nrgrnT06cCw8ipfpR/e6BaaRA=
246,1504,loo4cb8lMgaHVh98EZYkeqaB+0s=,+2nrgrnT06cCw8ipfpR/e6BaaRA=
241,1504,loo4cb8lMgaHVh98EZYkeqaB+0s=,+2nrgrnT06cCw8ipfpR/e6BaaRA=
242,1506,loo4cb8lMgaHVh98EZYkeqaB+0s=,+2nrgrnT06cCw8ipfpR/e6BaaRA=
242,1507,loo4cb8lMgaHVh98EZYkeqaB+0s=,+2nrgrnT06cCw8ipfpR/e6BaaRA=
240,1504,loo4cb8lMgaHVh98EZYkeqaB+0s=,+2nrgrnT06cCw8ipfpR/e6BaaRA=
241,1506,loo4cb8lMgaHVh98EZYkeqaB+0s=,+2nrgrnT06cCw8ipfpR/e6BaaRA=
243,1507,loo4cb8lMgaHVh98EZYkeqaB+0s=,+2nrgrnT06cCw8ipfpR/e6BaaRA=
241,1507,loo4cb8lMgaHVh98EZYkeqaB+0s=,+2nrgrnT06cCw8ipfpR/e6BaaRA=
240,1505,loo4cb8lMgaHVh98EZYkeqaB+0s=,+2nrgrnT06cCw8ipfpR/e6BaaRA=
242,1504,loo4cb8lMgaHVh98EZYkeqaB+0s=,+2nrgrnT06cCw8ipfpR/e6BaaRA=
243,1505,loo4cb8lMgaHVh98EZYkeqaB+0s=,+2nrgrnT06cCw8ipfpR/e6BaaRA=
243,1506,loo4cb8lMgaHVh98EZYkeqaB+0s=,+2nrgrnT06cCw8ipfpR/e6BaaRA=
241,1505,loo4cb8lMgaHVh98EZYkeqaB+0s=,+2nrgrnT06cCw8ipfpR/e6BaaRA=
240,1506,loo4cb8lMgaHVh98EZYkeqaB+0s=,+2nrgrnT06cCw8ipfpR/e6BaaRA=
243,1504,loo4cb8lMgaHVh98EZYkeqaB+0s=,+2nrgrnT06cCw8ipfpR/e6BaaRA=
240,1507,loo4cb8lMgaHVh98EZYkeqaB+0s=,+2nrgrnT06cCw8ipfpR/e6BaaRA=
242,1505,loo4cb8lMgaHVh98EZYkeqaB+0s=,+2nrgrnT06cCw8ipfpR/e6BaaRA=
239,1535,TmFoCfqSrj7vm8jC35e4bmvlr3o=,+2nrgrnT06cCw8ipfpR/e6BaaRA=
238,1535,TmFoCfqSrj7vm8jC35e4bmvlr3o=,+2nrgrnT06cCw8ipfpR/e6BaaRA=
235,1535,TmFoCfqSrj7vm8jC35e4bmvlr3o=,+2nrgrnT06cCw8ipfpR/e6BaaRA=
234,1535,TmFoCfqSrj7vm8jC35e4bmvlr3o=,+2nrgrnT06cCw8ipfpR/e6BaaRA=
237,1535,TmFoCfqSrj7vm8jC35e4bmvlr3o=,+2nrgrnT06cCw8ipfpR/e6BaaRA=
236,1535,TmFoCfqSrj7vm8jC35e4bmvlr3o=,+2nrgrnT06cCw8ipfpR/e6BaaRA=
233,1535,TmFoCfqSrj7vm8jC35e4bmvlr3o=,+2nrgrnT06cCw8ipfpR/e6BaaRA=
239,1534,TmFoCfqSrj7vm8jC35e4bmvlr3o=,+2nrgrnT06cCw8ipfpR/e6BaaRA=
238,1534,TmFoCfqSrj7vm8jC35e4bmvlr3o=,+2nrgrnT06cCw8ipfpR/e6BaaRA=
232,1535,TmFoCfqSrj7vm8jC35e4bmvlr3o=,+2nrgrnT06cCw8ipfpR/e6BaaRA=
237,1534,TmFoCfqSrj7vm8jC35e4bmvlr3o=,+2nrgrnT06cCw8ipfpR/e6BaaRA=
236,1534,TmFoCfqSrj7vm8jC35e4bmvlr3o=,+2nrgrnT06cCw8ipfpR/e6BaaRA=
234,1534,TmFoCfqSrj7vm8jC35e4bmvlr3o=,+2nrgrnT06cCw8ipfpR/e6BaaRA=
233,1534,TmFoCfqSrj7vm8jC35e4bmvlr3o=,+2nrgrnT06cCw8ipfpR/e6BaaRA=
232,1534,TmFoCfqSrj7vm8jC35e4bmvlr3o=,+2nrgrnT06cCw8ipfpR/e6BaaRA=
235,1534,TmFoCfqSrj7vm8jC35e4bmvlr3o=,+2nrgrnT06cCw8ipfpR/e6BaaRA=
239,1533,TmFoCfqSrj7vm8jC35e4bmvlr3o=,+2nrgrnT06cCw8ipfpR/e6BaaRA=
238,1533,TmFoCfqSrj7vm8jC35e4bmvlr3o=,+2nrgrnT06cCw8ipfpR/e6BaaRA=
236,1533,TmFoCfqSrj7vm8jC35e4bmvlr3o=,+2nrgrnT06cCw8ipfpR/e6BaaRA=
235,1533,TmFoCfqSrj7vm8jC35e4bmvlr3o=,+2nrgrnT06cCw8ipfpR/e6BaaRA=
224,1520,TmFoCfqSrj7vm8jC35e4bmvlr3o=,+2nrgrnT06cCw8ipfpR/e6BaaRA=
234,1533,TmFoCfqSrj7vm8jC35e4bmvlr3o=,+2nrgrnT06cCw8ipfpR/e6BaaRA=
237,1533,TmFoCfqSrj7vm8jC35e4bmvlr3o=,+2nrgrnT06cCw8ipfpR/e6BaaRA=
233,1533,TmFoCfqSrj7vm8jC35e4bmvlr3o=,+2nrgrnT06cCw8ipfpR/e6BaaRA=
232,1533,TmFoCfqSrj7vm8jC35e4bmvlr3o=,+2nrgrnT06cCw8ipfpR/e6BaaRA=
230,1534,TmFoCfqSrj7vm8jC35e4bmvlr3o=,+2nrgrnT06cCw8ipfpR/e6BaaRA=
229,1533,TmFoCfqSrj7vm8jC35e4bmvlr3o=,+2nrgrnT06cCw8ipfpR/e6BaaRA=
227,1535,TmFoCfqSrj7vm8jC35e4bmvlr3o=,+2nrgrnT06cCw8ipfpR/e6BaaRA=
229,1535,TmFoCfqSrj7vm8jC35e4bmvlr3o=,+2nrgrnT06cCw8ipfpR/e6BaaRA=
231,1534,TmFoCfqSrj7vm8jC35e4bmvlr3o=,+2nrgrnT06cCw8ipfpR/e6BaaRA=
231,1535,TmFoCfqSrj7vm8jC35e4bmvlr3o=,+2nrgrnT06cCw8ipfpR/e6BaaRA=
239,1532,TmFoCfqSrj7vm8jC35e4bmvlr3o=,+2nrgrnT06cCw8ipfpR/e6BaaRA=
228,1534,TmFoCfqSrj7vm8jC35e4bmvlr3o=,+2nrgrnT06cCw8ipfpR/e6BaaRA=
238,1532,TmFoCfqSrj7vm8jC35e4bmvlr3o=,+2nrgrnT06cCw8ipfpR/e6BaaRA=
237,1532,TmFoCfqSrj7vm8jC35e4bmvlr3o=,+2nrgrnT06cCw8ipfpR/e6BaaRA=
236,1532,TmFoCfqSrj7vm8jC35e4bmvlr3o=,+2nrgrnT06cCw8ipfpR/e6BaaRA=
235,1532,TmFoCfqSrj7vm8jC35e4bmvlr3o=,+2nrgrnT06cCw8ipfpR/e6BaaRA=
234,1532,TmFoCfqSrj7vm8jC35e4bmvlr3o=,+2nrgrnT06cCw8ipfpR/e6BaaRA=
233,1532,TmFoCfqSrj7vm8jC35e4bmvlr3o=,+2nrgrnT06cCw8ipfpR/e6BaaRA=
227,1534,TmFoCfqSrj7vm8jC35e4bmvlr3o=,+2nrgrnT06cCw8ipfpR/e6BaaRA=
232,1532,TmFoCfqSrj7vm8jC35e4bmvlr3o=,+2nrgrnT06cCw8ipfpR/e6BaaRA=
230,1533,TmFoCfqSrj7vm8jC35e4bmvlr3o=,+2nrgrnT06cCw8ipfpR/e6BaaRA=
226,1534,TmFoCfqSrj7vm8jC35e4bmvlr3o=,+2nrgrnT06cCw8ipfpR/e6BaaRA=
228,1533,TmFoCfqSrj7vm8jC35e4bmvlr3o=,+2nrgrnT06cCw8ipfpR/e6BaaRA=
228,1532,TmFoCfqSrj7vm8jC35e4bmvlr3o=,+2nrgrnT06cCw8ipfpR/e6BaaRA=
226,1532,TmFoCfqSrj7vm8jC35e4bmvlr3o=,+2nrgrnT06cCw8ipfpR/e6BaaRA=
230,1535,TmFoCfqSrj7vm8jC35e4bmvlr3o=,+2nrgrnT06cCw8ipfpR/e6BaaRA=
226,1535,TmFoCfqSrj7vm8jC35e4bmvlr3o=,+2nrgrnT06cCw8ipfpR/e6BaaRA=
239,1531,TmFoCfqSrj7vm8jC35e4bmvlr3o=,+2nrgrnT06cCw8ipfpR/e6BaaRA=
238,1531,TmFoCfqSrj7vm8jC35e4bmvlr3o=,+2nrgrnT06cCw8ipfpR/e6BaaRA=
237,1531,TmFoCfqSrj7vm8jC35e4bmvlr3o=,+2nrgrnT06cCw8ipfpR/e6BaaRA=
224,1533,TmFoCfqSrj7vm8jC35e4bmvlr3o=,+2nrgrnT06cCw8ipfpR/e6BaaRA=
225,1535,TmFoCfqSrj7vm8jC35e4bmvlr3o=,+2nrgrnT06cCw8ipfpR/e6BaaRA=
236,1531,TmFoCfqSrj7vm8jC35e4bmvlr3o=,+2nrgrnT06cCw8ipfpR/e6BaaRA=
228,1535,TmFoCfqSrj7vm8jC35e4bmvlr3o=,+2nrgrnT06cCw8ipfpR/e6BaaRA=
230,1532,TmFoCfqSrj7vm8jC35e4bmvlr3o=,+2nrgrnT06cCw8ipfpR/e6BaaRA=
225,1532,TmFoCfqSrj7vm8jC35e4bmvlr3o=,+2nrgrnT06cCw8ipfpR/e6BaaRA=
226,1533,TmFoCfqSrj7vm8jC35e4bmvlr3o=,+2nrgrnT06cCw8ipfpR/e6BaaRA=
227,1533,TmFoCfqSrj7vm8jC35e4bmvlr3o=,+2nrgrnT06cCw8ipfpR/e6BaaRA=
225,1533,TmFoCfqSrj7vm8jC35e4bmvlr3o=,+2nrgrnT06cCw8ipfpR/e6BaaRA=
228,1531,TmFoCfqSrj7vm8jC35e4bmvlr3o=,+2nrgrnT06cCw8ipfpR/e6BaaRA=
227,1532,TmFoCfqSrj7vm8jC35e4bmvlr3o=,+2nrgrnT06cCw8ipfpR/e6BaaRA=
224,1534,TmFoCfqSrj7vm8jC35e4bmvlr3o=,+2nrgrnT06cCw8ipfpR/e6BaaRA=
226,1531,TmFoCfqSrj7vm8jC35e4bmvlr3o=,+2nrgrnT06cCw8ipfpR/e6BaaRA=
239,1530,TmFoCfqSrj7vm8jC35e4bmvlr3o=,+2nrgrnT06cCw8ipfpR/e6BaaRA=
231,1533,TmFoCfqSrj7vm8jC35e4bmvlr3o=,+2nrgrnT06cCw8ipfpR/e6BaaRA=
238,1530,TmFoCfqSrj7vm8jC35e4bmvlr3o=,+2nrgrnT06cCw8ipfpR/e6BaaRA=
237,1530,TmFoCfqSrj7vm8jC35e4bmvlr3o=,+2nrgrnT06cCw8ipfpR/e6BaaRA=
236,1530,TmFoCfqSrj7vm8jC35e4bmvlr3o=,+2nrgrnT06cCw8ipfpR/e6BaaRA=
229,1534,TmFoCfqSrj7vm8jC35e4bmvlr3o=,+2nrgrnT06cCw8ipfpR/e6BaaRA=
224,1532,TmFoCfqSrj7vm8jC35e4bmvlr3o=,+2nrgrnT06cCw8ipfpR/e6BaaRA=
229,1532,TmFoCfqSrj7vm8jC35e4bmvlr3o=,+2nrgrnT06cCw8ipfpR/e6BaaRA=
227,1531,TmFoCfqSrj7vm8jC35e4bmvlr3o=,+2nrgrnT06cCw8ipfpR/e6BaaRA=
225,1520,TmFoCfqSrj7vm8jC35e4bmvlr3o=,+2nrgrnT06cCw8ipfpR/e6BaaRA=
224,1531,TmFoCfqSrj7vm8jC35e4bmvlr3o=,+2nrgrnT06cCw8ipfpR/e6BaaRA=
224,1535,TmFoCfqSrj7vm8jC35e4bmvlr3o=,+2nrgrnT06cCw8ipfpR/e6BaaRA=
225,1531,TmFoCfqSrj7vm8jC35e4bmvlr3o=,+2nrgrnT06cCw8ipfpR/e6BaaRA=
235,1531,TmFoCfqSrj7vm8jC35e4bmvlr3o=,+2nrgrnT06cCw8ipfpR/e6BaaRA=
225,1534,TmFoCfqSrj7vm8jC35e4bmvlr3o=,+2nrgrnT06cCw8ipfpR/e6BaaRA=
229,1531,TmFoCfqSrj7vm8jC35e4bmvlr3o=,+2nrgrnT06cCw8ipfpR/e6BaaRA=
233,1531,TmFoCfqSrj7vm8jC35e4bmvlr3o=,+2nrgrnT06cCw8ipfpR/e6BaaRA=
239,1529,TmFoCfqSrj7vm8jC35e4bmvlr3o=,+2nrgrnT06cCw8ipfpR/e6BaaRA=
238,1529,TmFoCfqSrj7vm8jC35e4bmvlr3o=,+2nrgrnT06cCw8ipfpR/e6BaaRA=
237,1529,TmFoCfqSrj7vm8jC35e4bmvlr3o=,+2nrgrnT06cCw8ipfpR/e6BaaRA=
236,1529,TmFoCfqSrj7vm8jC35e4bmvlr3o=,+2nrgrnT06cCw8ipfpR/e6BaaRA=
234,1531,TmFoCfqSrj7vm8jC35e4bmvlr3o=,+2nrgrnT06cCw8ipfpR/e6BaaRA=
226,1530,TmFoCfqSrj7vm8jC35e4bmvlr3o=,+2nrgrnT06cCw8ipfpR/e6BaaRA=
225,1530,TmFoCfqSrj7vm8jC35e4bmvlr3o=,+2nrgrnT06cCw8ipfpR/e6BaaRA=
226,1520,TmFoCfqSrj7vm8jC35e4bmvlr3o=,+2nrgrnT06cCw8ipfpR/e6BaaRA=
224,1530,TmFoCfqSrj7vm8jC35e4bmvlr3o=,+2nrgrnT06cCw8ipfpR/e6BaaRA=
230,1531,TmFoCfqSrj7vm8jC35e4bmvlr3o=,+2nrgrnT06cCw8ipfpR/e6BaaRA=
231,1531,TmFoCfqSrj7vm8jC35e4bmvlr3o=,+2nrgrnT06cCw8ipfpR/e6BaaRA=
228,1530,TmFoCfqSrj7vm8jC35e4bmvlr3o=,+2nrgrnT06cCw8ipfpR/e6BaaRA=
227,1530,TmFoCfqSrj7vm8jC35e4bmvlr3o=,+2nrgrnT06cCw8ipfpR/e6BaaRA=
233,1530,TmFoCfqSrj7vm8jC35e4bmvlr3o=,+2nrgrnT06cCw8ipfpR/e6BaaRA=
235,1530,TmFoCfqSrj7vm8jC35e4bmvlr3o=,+2nrgrnT06cCw8ipfpR/e6BaaRA=
231,1532,TmFoCfqSrj7vm8jC35e4bmvlr3o=,+2nrgrnT06cCw8ipfpR/e6BaaRA=
229,1530,TmFoCfqSrj7vm8jC35e4bmvlr3o=,+2nrgrnT06cCw8ipfpR/e6BaaRA=
239,1528,TmFoCfqSrj7vm8jC35e4bmvlr3o=,+2nrgrnT06cCw8ipfpR/e6BaaRA=
238,1528,TmFoCfqSrj7vm8jC35e4bmvlr3o=,+2nrgrnT06cCw8ipfpR/e6BaaRA=
234,1530,TmFoCfqSrj7vm8jC35e4bmvlr3o=,+2nrgrnT06cCw8ipfpR/e6BaaRA=
237,1528,TmFoCfqSrj7vm8jC35e4bmvlr3o=,+2nrgrnT06cCw8ipfpR/e6BaaRA=
230,1530,TmFoCfqSrj7vm8jC35e4bmvlr3o=,+2nrgrnT06cCw8ipfpR/e6BaaRA=
236,1528,TmFoCfqSrj7vm8jC35e4bmvlr3o=,+2nrgrnT06cCw8ipfpR/e6BaaRA=
225,1529,TmFoCfqSrj7vm8jC35e4bmvlr3o=,+2nrgrnT06cCw8ipfpR/e6BaaRA=
232,1530,TmFoCfqSrj7vm8jC35e4bmvlr3o=,+2nrgrnT06cCw8ipfpR/e6BaaRA=
232,1531,TmFoCfqSrj7vm8jC35e4bmvlr3o=,+2nrgrnT06cCw8ipfpR/e6BaaRA=
224,1529,TmFoCfqSrj7vm8jC35e4bmvlr3o=,+2nrgrnT06cCw8ipfpR/e6BaaRA=
238,1527,TmFoCfqSrj7vm8jC35e4bmvlr3o=,+2nrgrnT06cCw8ipfpR/e6BaaRA=
237,1527,TmFoCfqSrj7vm8jC35e4bmvlr3o=,+2nrgrnT06cCw8ipfpR/e6BaaRA=
236,1527,TmFoCfqSrj7vm8jC35e4bmvlr3o=,+2nrgrnT06cCw8ipfpR/e6BaaRA=
235,1527,TmFoCfqSrj7vm8jC35e4bmvlr3o=,+2nrgrnT06cCw8ipfpR/e6BaaRA=
233,1527,TmFoCfqSrj7vm8jC35e4bmvlr3o=,+2nrgrnT06cCw8ipfpR/e6BaaRA=
232,1527,TmFoCfqSrj7vm8jC35e4bmvlr3o=,+2nrgrnT06cCw8ipfpR/e6BaaRA=
233,1529,TmFoCfqSrj7vm8jC35e4bmvlr3o=,+2nrgrnT06cCw8ipfpR/e6BaaRA=
231,1529,TmFoCfqSrj7vm8jC35e4bmvlr3o=,+2nrgrnT06cCw8ipfpR/e6BaaRA=
239,1527,TmFoCfqSrj7vm8jC35e4bmvlr3o=,+2nrgrnT06cCw8ipfpR/e6BaaRA=
234,1527,TmFoCfqSrj7vm8jC35e4bmvlr3o=,+2nrgrnT06cCw8ipfpR/e6BaaRA=
234,1529,TmFoCfqSrj7vm8jC35e4bmvlr3o=,+2nrgrnT06cCw8ipfpR/e6BaaRA=
227,1520,TmFoCfqSrj7vm8jC35e4bmvlr3o=,+2nrgrnT06cCw8ipfpR/e6BaaRA=
230,1529,TmFoCfqSrj7vm8jC35e4bmvlr3o=,+2nrgrnT06cCw8ipfpR/e6BaaRA=
232,1529,TmFoCfqSrj7vm8jC35e4bmvlr3o=,+2nrgrnT06cCw8ipfpR/e6BaaRA=
231,1520,TmFoCfqSrj7vm8jC35e4bmvlr3o=,+2nrgrnT06cCw8ipfpR/e6BaaRA=
228,1520,TmFoCfqSrj7vm8jC35e4bmvlr3o=,+2nrgrnT06cCw8ipfpR/e6BaaRA=
232,1520,TmFoCfqSrj7vm8jC35e4bmvlr3o=,+2nrgrnT06cCw8ipfpR/e6BaaRA=
233,1520,TmFoCfqSrj7vm8jC35e4bmvlr3o=,+2nrgrnT06cCw8ipfpR/e6BaaRA=
227,1527,TmFoCfqSrj7vm8jC35e4bmvlr3o=,+2nrgrnT06cCw8ipfpR/e6BaaRA=
234,1520,TmFoCfqSrj7vm8jC35e4bmvlr3o=,+2nrgrnT06cCw8ipfpR/e6BaaRA=
226,1527,TmFoCfqSrj7vm8jC35e4bmvlr3o=,+2nrgrnT06cCw8ipfpR/e6BaaRA=
235,1520,TmFoCfqSrj7vm8jC35e4bmvlr3o=,+2nrgrnT06cCw8ipfpR/e6BaaRA=
225,1527,TmFoCfqSrj7vm8jC35e4bmvlr3o=,+2nrgrnT06cCw8ipfpR/e6BaaRA=
229,1520,TmFoCfqSrj7vm8jC35e4bmvlr3o=,+2nrgrnT06cCw8ipfpR/e6BaaRA=
236,1520,TmFoCfqSrj7vm8jC35e4bmvlr3o=,+2nrgrnT06cCw8ipfpR/e6BaaRA=
224,1527,TmFoCfqSrj7vm8jC35e4bmvlr3o=,+2nrgrnT06cCw8ipfpR/e6BaaRA=
237,1520,TmFoCfqSrj7vm8jC35e4bmvlr3o=,+2nrgrnT06cCw8ipfpR/e6BaaRA=
238,1520,TmFoCfqSrj7vm8jC35e4bmvlr3o=,+2nrgrnT06cCw8ipfpR/e6BaaRA=
239,1526,TmFoCfqSrj7vm8jC35e4bmvlr3o=,+2nrgrnT06cCw8ipfpR/e6BaaRA=
238,1526,TmFoCfqSrj7vm8jC35e4bmvlr3o=,+2nrgrnT06cCw8ipfpR/e6BaaRA=
239,1520,TmFoCfqSrj7vm8jC35e4bmvlr3o=,+2nrgrnT06cCw8ipfpR/e6BaaRA=
235,1529,TmFoCfqSrj7vm8jC35e4bmvlr3o=,+2nrgrnT06cCw8ipfpR/e6BaaRA=
236,1526,TmFoCfqSrj7vm8jC35e4bmvlr3o=,+2nrgrnT06cCw8ipfpR/e6BaaRA=
235,1526,TmFoCfqSrj7vm8jC35e4bmvlr3o=,+2nrgrnT06cCw8ipfpR/e6BaaRA=
237,1526,TmFoCfqSrj7vm8jC35e4bmvlr3o=,+2nrgrnT06cCw8ipfpR/e6BaaRA=
234,1526,TmFoCfqSrj7vm8jC35e4bmvlr3o=,+2nrgrnT06cCw8ipfpR/e6BaaRA=
233,1526,TmFoCfqSrj7vm8jC35e4bmvlr3o=,+2nrgrnT06cCw8ipfpR/e6BaaRA=
230,1520,TmFoCfqSrj7vm8jC35e4bmvlr3o=,+2nrgrnT06cCw8ipfpR/e6BaaRA=
232,1526,TmFoCfqSrj7vm8jC35e4bmvlr3o=,+2nrgrnT06cCw8ipfpR/e6BaaRA=
225,1528,TmFoCfqSrj7vm8jC35e4bmvlr3o=,+2nrgrnT06cCw8ipfpR/e6BaaRA=
228,1529,TmFoCfqSrj7vm8jC35e4bmvlr3o=,+2nrgrnT06cCw8ipfpR/e6BaaRA=
224,1528,TmFoCfqSrj7vm8jC35e4bmvlr3o=,+2nrgrnT06cCw8ipfpR/e6BaaRA=
227,1526,TmFoCfqSrj7vm8jC35e4bmvlr3o=,+2nrgrnT06cCw8ipfpR/e6BaaRA=
226,1526,TmFoCfqSrj7vm8jC35e4bmvlr3o=,+2nrgrnT06cCw8ipfpR/e6BaaRA=
231,1528,TmFoCfqSrj7vm8jC35e4bmvlr3o=,+2nrgrnT06cCw8ipfpR/e6BaaRA=
238,1525,TmFoCfqSrj7vm8jC35e4bmvlr3o=,+2nrgrnT06cCw8ipfpR/e6BaaRA=
225,1526,TmFoCfqSrj7vm8jC35e4bmvlr3o=,+2nrgrnT06cCw8ipfpR/e6BaaRA=
239,1525,TmFoCfqSrj7vm8jC35e4bmvlr3o=,+2nrgrnT06cCw8ipfpR/e6BaaRA=
229,1528,TmFoCfqSrj7vm8jC35e4bmvlr3o=,+2nrgrnT06cCw8ipfpR/e6BaaRA=
237,1525,TmFoCfqSrj7vm8jC35e4bmvlr3o=,+2nrgrnT06cCw8ipfpR/e6BaaRA=
236,1525,TmFoCfqSrj7vm8jC35e4bmvlr3o=,+2nrgrnT06cCw8ipfpR/e6BaaRA=
235,1525,TmFoCfqSrj7vm8jC35e4bmvlr3o=,+2nrgrnT06cCw8ipfpR/e6BaaRA=
234,1525,TmFoCfqSrj7vm8jC35e4bmvlr3o=,+2nrgrnT06cCw8ipfpR/e6BaaRA=
224,1526,TmFoCfqSrj7vm8jC35e4bmvlr3o=,+2nrgrnT06cCw8ipfpR/e6BaaRA=
232,1525,TmFoCfqSrj7vm8jC35e4bmvlr3o=,+2nrgrnT06cCw8ipfpR/e6BaaRA=
228,1528,TmFoCfqSrj7vm8jC35e4bmvlr3o=,+2nrgrnT06cCw8ipfpR/e6BaaRA=
233,1525,TmFoCfqSrj7vm8jC35e4bmvlr3o=,+2nrgrnT06cCw8ipfpR/e6BaaRA=
226,1529,TmFoCfqSrj7vm8jC35e4bmvlr3o=,+2nrgrnT06cCw8ipfpR/e6BaaRA=
226,1525,TmFoCfqSrj7vm8jC35e4bmvlr3o=,+2nrgrnT06cCw8ipfpR/e6BaaRA=
225,1525,TmFoCfqSrj7vm8jC35e4bmvlr3o=,+2nrgrnT06cCw8ipfpR/e6BaaRA=
224,1525,TmFoCfqSrj7vm8jC35e4bmvlr3o=,+2nrgrnT06cCw8ipfpR/e6BaaRA=
227,1525,TmFoCfqSrj7vm8jC35e4bmvlr3o=,+2nrgrnT06cCw8ipfpR/e6BaaRA=
239,1524,TmFoCfqSrj7vm8jC35e4bmvlr3o=,+2nrgrnT06cCw8ipfpR/e6BaaRA=
236,1524,TmFoCfqSrj7vm8jC35e4bmvlr3o=,+2nrgrnT06cCw8ipfpR/e6BaaRA=
238,1524,TmFoCfqSrj7vm8jC35e4bmvlr3o=,+2nrgrnT06cCw8ipfpR/e6BaaRA=
237,1524,TmFoCfqSrj7vm8jC35e4bmvlr3o=,+2nrgrnT06cCw8ipfpR/e6BaaRA=
234,1524,TmFoCfqSrj7vm8jC35e4bmvlr3o=,+2nrgrnT06cCw8ipfpR/e6BaaRA=
235,1524,TmFoCfqSrj7vm8jC35e4bmvlr3o=,+2nrgrnT06cCw8ipfpR/e6BaaRA=
232,1524,TmFoCfqSrj7vm8jC35e4bmvlr3o=,+2nrgrnT06cCw8ipfpR/e6BaaRA=
233,1524,TmFoCfqSrj7vm8jC35e4bmvlr3o=,+2nrgrnT06cCw8ipfpR/e6BaaRA=
231,1527,TmFoCfqSrj7vm8jC35e4bmvlr3o=,+2nrgrnT06cCw8ipfpR/e6BaaRA=
230,1527,TmFoCfqSrj7vm8jC35e4bmvlr3o=,+2nrgrnT06cCw8ipfpR/e6BaaRA=
227,1529,TmFoCfqSrj7vm8jC35e4bmvlr3o=,+2nrgrnT06cCw8ipfpR/e6BaaRA=
234,1528,TmFoCfqSrj7vm8jC35e4bmvlr3o=,+2nrgrnT06cCw8ipfpR/e6BaaRA=
227,1524,TmFoCfqSrj7vm8jC35e4bmvlr3o=,+2nrgrnT06cCw8ipfpR/e6BaaRA=
226,1524,TmFoCfqSrj7vm8jC35e4bmvlr3o=,+2nrgrnT06cCw8ipfpR/e6BaaRA=
225,1524,TmFoCfqSrj7vm8jC35e4bmvlr3o=,+2nrgrnT06cCw8ipfpR/e6BaaRA=
224,1524,TmFoCfqSrj7vm8jC35e4bmvlr3o=,+2nrgrnT06cCw8ipfpR/e6BaaRA=
239,1523,TmFoCfqSrj7vm8jC35e4bmvlr3o=,+2nrgrnT06cCw8ipfpR/e6BaaRA=
238,1523,TmFoCfqSrj7vm8jC35e4bmvlr3o=,+2nrgrnT06cCw8ipfpR/e6BaaRA=
236,1523,TmFoCfqSrj7vm8jC35e4bmvlr3o=,+2nrgrnT06cCw8ipfpR/e6BaaRA=
235,1523,TmFoCfqSrj7vm8jC35e4bmvlr3o=,+2nrgrnT06cCw8ipfpR/e6BaaRA=
237,1523,TmFoCfqSrj7vm8jC35e4bmvlr3o=,+2nrgrnT06cCw8ipfpR/e6BaaRA=
234,1523,TmFoCfqSrj7vm8jC35e4bmvlr3o=,+2nrgrnT06cCw8ipfpR/e6BaaRA=
233,1523,TmFoCfqSrj7vm8jC35e4bmvlr3o=,+2nrgrnT06cCw8ipfpR/e6BaaRA=
232,1523,TmFoCfqSrj7vm8jC35e4bmvlr3o=,+2nrgrnT06cCw8ipfpR/e6BaaRA=
231,1523,TmFoCfqSrj7vm8jC35e4bmvlr3o=,+2nrgrnT06cCw8ipfpR/e6BaaRA=
230,1523,TmFoCfqSrj7vm8jC35e4bmvlr3o=,+2nrgrnT06cCw8ipfpR/e6BaaRA=
229,1523,TmFoCfqSrj7vm8jC35e4bmvlr3o=,+2nrgrnT06cCw8ipfpR/e6BaaRA=
228,1523,TmFoCfqSrj7vm8jC35e4bmvlr3o=,+2nrgrnT06cCw8ipfpR/e6BaaRA=
227,1528,TmFoCfqSrj7vm8jC35e4bmvlr3o=,+2nrgrnT06cCw8ipfpR/e6BaaRA=
229,1529,TmFoCfqSrj7vm8jC35e4bmvlr3o=,+2nrgrnT06cCw8ipfpR/e6BaaRA=
230,1528,TmFoCfqSrj7vm8jC35e4bmvlr3o=,+2nrgrnT06cCw8ipfpR/e6BaaRA=
229,1527,TmFoCfqSrj7vm8jC35e4bmvlr3o=,+2nrgrnT06cCw8ipfpR/e6BaaRA=
228,1527,TmFoCfqSrj7vm8jC35e4bmvlr3o=,+2nrgrnT06cCw8ipfpR/e6BaaRA=
238,1522,TmFoCfqSrj7vm8jC35e4bmvlr3o=,+2nrgrnT06cCw8ipfpR/e6BaaRA=
237,1522,TmFoCfqSrj7vm8jC35e4bmvlr3o=,+2nrgrnT06cCw8ipfpR/e6BaaRA=
235,1522,TmFoCfqSrj7vm8jC35e4bmvlr3o=,+2nrgrnT06cCw8ipfpR/e6BaaRA=
239,1522,TmFoCfqSrj7vm8jC35e4bmvlr3o=,+2nrgrnT06cCw8ipfpR/e6BaaRA=
236,1522,TmFoCfqSrj7vm8jC35e4bmvlr3o=,+2nrgrnT06cCw8ipfpR/e6BaaRA=
234,1522,TmFoCfqSrj7vm8jC35e4bmvlr3o=,+2nrgrnT06cCw8ipfpR/e6BaaRA=
233,1522,TmFoCfqSrj7vm8jC35e4bmvlr3o=,+2nrgrnT06cCw8ipfpR/e6BaaRA=
232,1522,TmFoCfqSrj7vm8jC35e4bmvlr3o=,+2nrgrnT06cCw8ipfpR/e6BaaRA=
231,1522,TmFoCfqSrj7vm8jC35e4bmvlr3o=,+2nrgrnT06cCw8ipfpR/e6BaaRA=
229,1522,TmFoCfqSrj7vm8jC35e4bmvlr3o=,+2nrgrnT06cCw8ipfpR/e6BaaRA=
230,1522,TmFoCfqSrj7vm8jC35e4bmvlr3o=,+2nrgrnT06cCw8ipfpR/e6BaaRA=
224,1521,TmFoCfqSrj7vm8jC35e4bmvlr3o=,+2nrgrnT06cCw8ipfpR/e6BaaRA=
228,1522,TmFoCfqSrj7vm8jC35e4bmvlr3o=,+2nrgrnT06cCw8ipfpR/e6BaaRA=
230,1526,TmFoCfqSrj7vm8jC35e4bmvlr3o=,+2nrgrnT06cCw8ipfpR/e6BaaRA=
226,1522,TmFoCfqSrj7vm8jC35e4bmvlr3o=,+2nrgrnT06cCw8ipfpR/e6BaaRA=
226,1528,TmFoCfqSrj7vm8jC35e4bmvlr3o=,+2nrgrnT06cCw8ipfpR/e6BaaRA=
238,1521,TmFoCfqSrj7vm8jC35e4bmvlr3o=,+2nrgrnT06cCw8ipfpR/e6BaaRA=
239,1521,TmFoCfqSrj7vm8jC35e4bmvlr3o=,+2nrgrnT06cCw8ipfpR/e6BaaRA=
237,1521,TmFoCfqSrj7vm8jC35e4bmvlr3o=,+2nrgrnT06cCw8ipfpR/e6BaaRA=
235,1521,TmFoCfqSrj7vm8jC35e4bmvlr3o=,+2nrgrnT06cCw8ipfpR/e6BaaRA=
234,1521,TmFoCfqSrj7vm8jC35e4bmvlr3o=,+2nrgrnT06cCw8ipfpR/e6BaaRA=
233,1521,TmFoCfqSrj7vm8jC35e4bmvlr3o=,+2nrgrnT06cCw8ipfpR/e6BaaRA=
232,1521,TmFoCfqSrj7vm8jC35e4bmvlr3o=,+2nrgrnT06cCw8ipfpR/e6BaaRA=
231,1521,TmFoCfqSrj7vm8jC35e4bmvlr3o=,+2nrgrnT06cCw8ipfpR/e6BaaRA=
230,1521,TmFoCfqSrj7vm8jC35e4bmvlr3o=,+2nrgrnT06cCw8ipfpR/e6BaaRA=
229,1521,TmFoCfqSrj7vm8jC35e4bmvlr3o=,+2nrgrnT06cCw8ipfpR/e6BaaRA=
228,1521,TmFoCfqSrj7vm8jC35e4bmvlr3o=,+2nrgrnT06cCw8ipfpR/e6BaaRA=
230,1525,TmFoCfqSrj7vm8jC35e4bmvlr3o=,+2nrgrnT06cCw8ipfpR/e6BaaRA=
236,1521,TmFoCfqSrj7vm8jC35e4bmvlr3o=,+2nrgrnT06cCw8ipfpR/e6BaaRA=
224,1523,TmFoCfqSrj7vm8jC35e4bmvlr3o=,+2nrgrnT06cCw8ipfpR/e6BaaRA=
235,1528,TmFoCfqSrj7vm8jC35e4bmvlr3o=,+2nrgrnT06cCw8ipfpR/e6BaaRA=
231,1525,TmFoCfqSrj7vm8jC35e4bmvlr3o=,+2nrgrnT06cCw8ipfpR/e6BaaRA=
233,1528,TmFoCfqSrj7vm8jC35e4bmvlr3o=,+2nrgrnT06cCw8ipfpR/e6BaaRA=
227,1522,TmFoCfqSrj7vm8jC35e4bmvlr3o=,+2nrgrnT06cCw8ipfpR/e6BaaRA=
231,1526,TmFoCfqSrj7vm8jC35e4bmvlr3o=,+2nrgrnT06cCw8ipfpR/e6BaaRA=
225,1523,TmFoCfqSrj7vm8jC35e4bmvlr3o=,+2nrgrnT06cCw8ipfpR/e6BaaRA=
226,1523,TmFoCfqSrj7vm8jC35e4bmvlr3o=,+2nrgrnT06cCw8ipfpR/e6BaaRA=
225,1522,TmFoCfqSrj7vm8jC35e4bmvlr3o=,+2nrgrnT06cCw8ipfpR/e6BaaRA=
226,1521,TmFoCfqSrj7vm8jC35e4bmvlr3o=,+2nrgrnT06cCw8ipfpR/e6BaaRA=
229,1526,TmFoCfqSrj7vm8jC35e4bmvlr3o=,+2nrgrnT06cCw8ipfpR/e6BaaRA=
231,1530,TmFoCfqSrj7vm8jC35e4bmvlr3o=,+2nrgrnT06cCw8ipfpR/e6BaaRA=
224,1522,TmFoCfqSrj7vm8jC35e4bmvlr3o=,+2nrgrnT06cCw8ipfpR/e6BaaRA=
227,1521,TmFoCfqSrj7vm8jC35e4bmvlr3o=,+2nrgrnT06cCw8ipfpR/e6BaaRA=
229,1525,TmFoCfqSrj7vm8jC35e4bmvlr3o=,+2nrgrnT06cCw8ipfpR/e6BaaRA=
229,1524,TmFoCfqSrj7vm8jC35e4bmvlr3o=,+2nrgrnT06cCw8ipfpR/e6BaaRA=
230,1524,TmFoCfqSrj7vm8jC35e4bmvlr3o=,+2nrgrnT06cCw8ipfpR/e6BaaRA=
227,1523,TmFoCfqSrj7vm8jC35e4bmvlr3o=,+2nrgrnT06cCw8ipfpR/e6BaaRA=
225,1521,TmFoCfqSrj7vm8jC35e4bmvlr3o=,+2nrgrnT06cCw8ipfpR/e6BaaRA=
228,1524,TmFoCfqSrj7vm8jC35e4bmvlr3o=,+2nrgrnT06cCw8ipfpR/e6BaaRA=
228,1526,TmFoCfqSrj7vm8jC35e4bmvlr3o=,+2nrgrnT06cCw8ipfpR/e6BaaRA=
232,1528,TmFoCfqSrj7vm8jC35e4bmvlr3o=,+2nrgrnT06cCw8ipfpR/e6BaaRA=
228,1525,TmFoCfqSrj7vm8jC35e4bmvlr3o=,+2nrgrnT06cCw8ipfpR/e6BaaRA=
231,1524,TmFoCfqSrj7vm8jC35e4bmvlr3o=,+2nrgrnT06cCw8ipfpR/e6BaaRA=
255,1535,3FQQQv+xTFnC6eu2HcvY0IriPxA=,+2nrgrnT06cCw8ipfpR/e6BaaRA=
254,1535,3FQQQv+xTFnC6eu2HcvY0IriPxA=,+2nrgrnT06cCw8ipfpR/e6BaaRA=
253,1535,3FQQQv+xTFnC6eu2HcvY0IriPxA=,+2nrgrnT06cCw8ipfpR/e6BaaRA=
252,1535,3FQQQv+xTFnC6eu2HcvY0IriPxA=,+2nrgrnT06cCw8ipfpR/e6BaaRA=
251,1535,3FQQQv+xTFnC6eu2HcvY0IriPxA=,+2nrgrnT06cCw8ipfpR/e6BaaRA=
249,1535,3FQQQv+xTFnC6eu2HcvY0IriPxA=,+2nrgrnT06cCw8ipfpR/e6BaaRA=
248,1535,3FQQQv+xTFnC6eu2HcvY0IriPxA=,+2nrgrnT06cCw8ipfpR/e6BaaRA=
250,1535,3FQQQv+xTFnC6eu2HcvY0IriPxA=,+2nrgrnT06cCw8ipfpR/e6BaaRA=
240,1520,3FQQQv+xTFnC6eu2HcvY0IriPxA=,+2nrgrnT06cCw8ipfpR/e6BaaRA=
247,1535,3FQQQv+xTFnC6eu2HcvY0IriPxA=,+2nrgrnT06cCw8ipfpR/e6BaaRA=
246,1535,3FQQQv+xTFnC6eu2HcvY0IriPxA=,+2nrgrnT06cCw8ipfpR/e6BaaRA=
245,1535,3FQQQv+xTFnC6eu2HcvY0IriPxA=,+2nrgrnT06cCw8ipfpR/e6BaaRA=
241,1520,3FQQQv+xTFnC6eu2HcvY0IriPxA=,+2nrgrnT06cCw8ipfpR/e6BaaRA=
244,1535,3FQQQv+xTFnC6eu2HcvY0IriPxA=,+2nrgrnT06cCw8ipfpR/e6BaaRA=
241,1535,3FQQQv+xTFnC6eu2HcvY0IriPxA=,+2nrgrnT06cCw8ipfpR/e6BaaRA=
242,1520,3FQQQv+xTFnC6eu2HcvY0IriPxA=,+2nrgrnT06cCw8ipfpR/e6BaaRA=
242,1535,3FQQQv+xTFnC6eu2HcvY0IriPxA=,+2nrgrnT06cCw8ipfpR/e6BaaRA=
243,1535,3FQQQv+xTFnC6eu2HcvY0IriPxA=,+2nrgrnT06cCw8ipfpR/e6BaaRA=
243,1520,3FQQQv+xTFnC6eu2HcvY0IriPxA=,+2nrgrnT06cCw8ipfpR/e6BaaRA=
240,1535,3FQQQv+xTFnC6eu2HcvY0IriPxA=,+2nrgrnT06cCw8ipfpR/e6BaaRA=
254,1534,3FQQQv+xTFnC6eu2HcvY0IriPxA=,+2nrgrnT06cCw8ipfpR/e6BaaRA=
253,1534,3FQQQv+xTFnC6eu2HcvY0IriPxA=,+2nrgrnT06cCw8ipfpR/e6BaaRA=
244,1520,3FQQQv+xTFnC6eu2HcvY0IriPxA=,+2nrgrnT06cCw8ipfpR/e6BaaRA=
252,1534,3FQQQv+xTFnC6eu2HcvY0IriPxA=,+2nrgrnT06cCw8ipfpR/e6BaaRA=
255,1534,3FQQQv+xTFnC6eu2HcvY0IriPxA=,+2nrgrnT06cCw8ipfpR/e6BaaRA=
251,1534,3FQQQv+xTFnC6eu2HcvY0IriPxA=,+2nrgrnT06cCw8ipfpR/e6BaaRA=
250,1534,3FQQQv+xTFnC6eu2HcvY0IriPxA=,+2nrgrnT06cCw8ipfpR/e6BaaRA=
245,1520,3FQQQv+xTFnC6eu2HcvY0IriPxA=,+2nrgrnT06cCw8ipfpR/e6BaaRA=
249,1534,3FQQQv+xTFnC6eu2HcvY0IriPxA=,+2nrgrnT06cCw8ipfpR/e6BaaRA=
248,1534,3FQQQv+xTFnC6eu2HcvY0IriPxA=,+2nrgrnT06cCw8ipfpR/e6BaaRA=
247,1534,3FQQQv+xTFnC6eu2HcvY0IriPxA=,+2nrgrnT06cCw8ipfpR/e6BaaRA=
246,1520,3FQQQv+xTFnC6eu2HcvY0IriPxA=,+2nrgrnT06cCw8ipfpR/e6BaaRA=
246,1534,3FQQQv+xTFnC6eu2HcvY0IriPxA=,+2nrgrnT06cCw8ipfpR/e6BaaRA=
244,1534,3FQQQv+xTFnC6eu2HcvY0IriPxA=,+2nrgrnT06cCw8ipfpR/e6BaaRA=
245,1534,3FQQQv+xTFnC6eu2HcvY0IriPxA=,+2nrgrnT06cCw8ipfpR/e6BaaRA=
243,1534,3FQQQv+xTFnC6eu2HcvY0IriPxA=,+2nrgrnT06cCw8ipfpR/e6BaaRA=
240,1534,3FQQQv+xTFnC6eu2HcvY0IriPxA=,+2nrgrnT06cCw8ipfpR/e6BaaRA=
242,1534,3FQQQv+xTFnC6eu2HcvY0IriPxA=,+2nrgrnT06cCw8ipfpR/e6BaaRA=
247,1520,3FQQQv+xTFnC6eu2HcvY0IriPxA=,+2nrgrnT06cCw8ipfpR/e6BaaRA=
255,1533,3FQQQv+xTFnC6eu2HcvY0IriPxA=,+2nrgrnT06cCw8ipfpR/e6BaaRA=
248,1520,3FQQQv+xTFnC6eu2HcvY0IriPxA=,+2nrgrnT06cCw8ipfpR/e6BaaRA=
254,1533,3FQQQv+xTFnC6eu2HcvY0IriPxA=,+2nrgrnT06cCw8ipfpR/e6BaaRA=
249,1520,3FQQQv+xTFnC6eu2HcvY0IriPxA=,+2nrgrnT06cCw8ipfpR/e6BaaRA=
251,1533,3FQQQv+xTFnC6eu2HcvY0IriPxA=,+2nrgrnT06cCw8ipfpR/e6BaaRA=
250,1520,3FQQQv+xTFnC6eu2HcvY0IriPxA=,+2nrgrnT06cCw8ipfpR/e6BaaRA=
252,1533,3FQQQv+xTFnC6eu2HcvY0IriPxA=,+2nrgrnT06cCw8ipfpR/e6BaaRA=
251,1520,3FQQQv+xTFnC6eu2HcvY0IriPxA=,+2nrgrnT06cCw8ipfpR/e6BaaRA=
253,1533,3FQQQv+xTFnC6eu2HcvY0IriPxA=,+2nrgrnT06cCw8ipfpR/e6BaaRA=
241,1534,3FQQQv+xTFnC6eu2HcvY0IriPxA=,+2nrgrnT06cCw8ipfpR/e6BaaRA=
249,1533,3FQQQv+xTFnC6eu2HcvY0IriPxA=,+2nrgrnT06cCw8ipfpR/e6BaaRA=
248,1533,3FQQQv+xTFnC6eu2HcvY0IriPxA=,+2nrgrnT06cCw8ipfpR/e6BaaRA=
250,1533,3FQQQv+xTFnC6eu2HcvY0IriPxA=,+2nrgrnT06cCw8ipfpR/e6BaaRA=
246,1533,3FQQQv+xTFnC6eu2HcvY0IriPxA=,+2nrgrnT06cCw8ipfpR/e6BaaRA=
247,1533,3FQQQv+xTFnC6eu2HcvY0IriPxA=,+2nrgrnT06cCw8ipfpR/e6BaaRA=
245,1533,3FQQQv+xTFnC6eu2HcvY0IriPxA=,+2nrgrnT06cCw8ipfpR/e6BaaRA=
243,1533,3FQQQv+xTFnC6eu2HcvY0IriPxA=,+2nrgrnT06cCw8ipfpR/e6BaaRA=
252,1520,3FQQQv+xTFnC6eu2HcvY0IriPxA=,+2nrgrnT06cCw8ipfpR/e6BaaRA=
244,1533,3FQQQv+xTFnC6eu2HcvY0IriPxA=,+2nrgrnT06cCw8ipfpR/e6BaaRA=
242,1533,3FQQQv+xTFnC6eu2HcvY0IriPxA=,+2nrgrnT06cCw8ipfpR/e6BaaRA=
253,1520,3FQQQv+xTFnC6eu2HcvY0IriPxA=,+2nrgrnT06cCw8ipfpR/e6BaaRA=
254,1520,3FQQQv+xTFnC6eu2HcvY0IriPxA=,+2nrgrnT06cCw8ipfpR/e6BaaRA=
253,1532,3FQQQv+xTFnC6eu2HcvY0IriPxA=,+2nrgrnT06cCw8ipfpR/e6BaaRA=
241,1533,3FQQQv+xTFnC6eu2HcvY0IriPxA=,+2nrgrnT06cCw8ipfpR/e6BaaRA=
240,1533,3FQQQv+xTFnC6eu2HcvY0IriPxA=,+2nrgrnT06cCw8ipfpR/e6BaaRA=
255,1520,3FQQQv+xTFnC6eu2HcvY0IriPxA=,+2nrgrnT06cCw8ipfpR/e6BaaRA=
255,1532,3FQQQv+xTFnC6eu2HcvY0IriPxA=,+2nrgrnT06cCw8ipfpR/e6BaaRA=
240,1521,3FQQQv+xTFnC6eu2HcvY0IriPxA=,+2nrgrnT06cCw8ipfpR/e6BaaRA=
251,1532,3FQQQv+xTFnC6eu2HcvY0IriPxA=,+2nrgrnT06cCw8ipfpR/e6BaaRA=
252,1532,3FQQQv+xTFnC6eu2HcvY0IriPxA=,+2nrgrnT06cCw8ipfpR/e6BaaRA=
254,1532,3FQQQv+xTFnC6eu2HcvY0IriPxA=,+2nrgrnT06cCw8ipfpR/e6BaaRA=
250,1532,3FQQQv+xTFnC6eu2HcvY0IriPxA=,+2nrgrnT06cCw8ipfpR/e6BaaRA=
248,1532,3FQQQv+xTFnC6eu2HcvY0IriPxA=,+2nrgrnT06cCw8ipfpR/e6BaaRA=
241,1521,3FQQQv+xTFnC6eu2HcvY0IriPxA=,+2nrgrnT06cCw8ipfpR/e6BaaRA=
247,1532,3FQQQv+xTFnC6eu2HcvY0IriPxA=,+2nrgrnT06cCw8ipfpR/e6BaaRA=
249,1532,3FQQQv+xTFnC6eu2HcvY0IriPxA=,+2nrgrnT06cCw8ipfpR/e6BaaRA=
246,1532,3FQQQv+xTFnC6eu2HcvY0IriPxA=,+2nrgrnT06cCw8ipfpR/e6BaaRA=
242,1521,3FQQQv+xTFnC6eu2HcvY0IriPxA=,+2nrgrnT06cCw8ipfpR/e6BaaRA=
244,1532,3FQQQv+xTFnC6eu2HcvY0IriPxA=,+2nrgrnT06cCw8ipfpR/e6BaaRA=
245,1532,3FQQQv+xTFnC6eu2HcvY0IriPxA=,+2nrgrnT06cCw8ipfpR/e6BaaRA=
243,1532,3FQQQv+xTFnC6eu2HcvY0IriPxA=,+2nrgrnT06cCw8ipfpR/e6BaaRA=
243,1521,3FQQQv+xTFnC6eu2HcvY0IriPxA=,+2nrgrnT06cCw8ipfpR/e6BaaRA=
242,1532,3FQQQv+xTFnC6eu2HcvY0IriPxA=,+2nrgrnT06cCw8ipfpR/e6BaaRA=
240,1532,3FQQQv+xTFnC6eu2HcvY0IriPxA=,+2nrgrnT06cCw8ipfpR/e6BaaRA=
241,1532,3FQQQv+xTFnC6eu2HcvY0IriPxA=,+2nrgrnT06cCw8ipfpR/e6BaaRA=
244,1521,3FQQQv+xTFnC6eu2HcvY0IriPxA=,+2nrgrnT06cCw8ipfpR/e6BaaRA=
255,1531,3FQQQv+xTFnC6eu2HcvY0IriPxA=,+2nrgrnT06cCw8ipfpR/e6BaaRA=
253,1531,3FQQQv+xTFnC6eu2HcvY0IriPxA=,+2nrgrnT06cCw8ipfpR/e6BaaRA=
254,1531,3FQQQv+xTFnC6eu2HcvY0IriPxA=,+2nrgrnT06cCw8ipfpR/e6BaaRA=
252,1531,3FQQQv+xTFnC6eu2HcvY0IriPxA=,+2nrgrnT06cCw8ipfpR/e6BaaRA=
251,1531,3FQQQv+xTFnC6eu2HcvY0IriPxA=,+2nrgrnT06cCw8ipfpR/e6BaaRA=
245,1521,3FQQQv+xTFnC6eu2HcvY0IriPxA=,+2nrgrnT06cCw8ipfpR/e6BaaRA=
248,1531,3FQQQv+xTFnC6eu2HcvY0IriPxA=,+2nrgrnT06cCw8ipfpR/e6BaaRA=
246,1521,3FQQQv+xTFnC6eu2HcvY0IriPxA=,+2nrgrnT06cCw8ipfpR/e6BaaRA=
249,1531,3FQQQv+xTFnC6eu2HcvY0IriPxA=,+2nrgrnT06cCw8ipfpR/e6BaaRA=
250,1531,3FQQQv+xTFnC6eu2HcvY0IriPxA=,+2nrgrnT06cCw8ipfpR/e6BaaRA=
247,1521,3FQQQv+xTFnC6eu2HcvY0IriPxA=,+2nrgrnT06cCw8ipfpR/e6BaaRA=
247,1531,3FQQQv+xTFnC6eu2HcvY0IriPxA=,+2nrgrnT06cCw8ipfpR/e6BaaRA=
245,1531,3FQQQv+xTFnC6eu2HcvY0IriPxA=,+2nrgrnT06cCw8ipfpR/e6BaaRA=
244,1531,3FQQQv+xTFnC6eu2HcvY0IriPxA=,+2nrgrnT06cCw8ipfpR/e6BaaRA=
246,1531,3FQQQv+xTFnC6eu2HcvY0IriPxA=,+2nrgrnT06cCw8ipfpR/e6BaaRA=
243,1531,3FQQQv+xTFnC6eu2HcvY0IriPxA=,+2nrgrnT06cCw8ipfpR/e6BaaRA=
248,1521,3FQQQv+xTFnC6eu2HcvY0IriPxA=,+2nrgrnT06cCw8ipfpR/e6BaaRA=
253,1530,3FQQQv+xTFnC6eu2HcvY0IriPxA=,+2nrgrnT06cCw8ipfpR/e6BaaRA=
240,1531,3FQQQv+xTFnC6eu2HcvY0IriPxA=,+2nrgrnT06cCw8ipfpR/e6BaaRA=
242,1531,3FQQQv+xTFnC6eu2HcvY0IriPxA=,+2nrgrnT06cCw8ipfpR/e6BaaRA=
255,1530,3FQQQv+xTFnC6eu2HcvY0IriPxA=,+2nrgrnT06cCw8ipfpR/e6BaaRA=
254,1530,3FQQQv+xTFnC6eu2HcvY0IriPxA=,+2nrgrnT06cCw8ipfpR/e6BaaRA=
241,1531,3FQQQv+xTFnC6eu2HcvY0IriPxA=,+2nrgrnT06cCw8ipfpR/e6BaaRA=
249,1521,3FQQQv+xTFnC6eu2HcvY0IriPxA=,+2nrgrnT06cCw8ipfpR/e6BaaRA=
252,1530,3FQQQv+xTFnC6eu2HcvY0IriPxA=,+2nrgrnT06cCw8ipfpR/e6BaaRA=
247,1530,3FQQQv+xTFnC6eu2HcvY0IriPxA=,+2nrgrnT06cCw8ipfpR/e6BaaRA=
251,1530,3FQQQv+xTFnC6eu2HcvY0IriPxA=,+2nrgrnT06cCw8ipfpR/e6BaaRA=
249,1530,3FQQQv+xTFnC6eu2HcvY0IriPxA=,+2nrgrnT06cCw8ipfpR/e6BaaRA=
248,1530,3FQQQv+xTFnC6eu2HcvY0IriPxA=,+2nrgrnT06cCw8ipfpR/e6BaaRA=
244,1530,3FQQQv+xTFnC6eu2HcvY0IriPxA=,+2nrgrnT06cCw8ipfpR/e6BaaRA=
246,1530,3FQQQv+xTFnC6eu2HcvY0IriPxA=,+2nrgrnT06cCw8ipfpR/e6BaaRA=
250,1530,3FQQQv+xTFnC6eu2HcvY0IriPxA=,+2nrgrnT06cCw8ipfpR/e6BaaRA=
245,1530,3FQQQv+xTFnC6eu2HcvY0IriPxA=,+2nrgrnT06cCw8ipfpR/e6BaaRA=
243,1530,3FQQQv+xTFnC6eu2HcvY0IriPxA=,+2nrgrnT06cCw8ipfpR/e6BaaRA=
242,1530,3FQQQv+xTFnC6eu2HcvY0IriPxA=,+2nrgrnT06cCw8ipfpR/e6BaaRA=
255,1529,3FQQQv+xTFnC6eu2HcvY0IriPxA=,+2nrgrnT06cCw8ipfpR/e6BaaRA=
241,1530,3FQQQv+xTFnC6eu2HcvY0IriPxA=,+2nrgrnT06cCw8ipfpR/e6BaaRA=
252,1529,3FQQQv+xTFnC6eu2HcvY0IriPxA=,+2nrgrnT06cCw8ipfpR/e6BaaRA=
240,1530,3FQQQv+xTFnC6eu2HcvY0IriPxA=,+2nrgrnT06cCw8ipfpR/e6BaaRA=
254,1529,3FQQQv+xTFnC6eu2HcvY0IriPxA=,+2nrgrnT06cCw8ipfpR/e6BaaRA=
253,1529,3FQQQv+xTFnC6eu2HcvY0IriPxA=,+2nrgrnT06cCw8ipfpR/e6BaaRA=
251,1529,3FQQQv+xTFnC6eu2HcvY0IriPxA=,+2nrgrnT06cCw8ipfpR/e6BaaRA=
250,1529,3FQQQv+xTFnC6eu2HcvY0IriPxA=,+2nrgrnT06cCw8ipfpR/e6BaaRA=
249,1529,3FQQQv+xTFnC6eu2HcvY0IriPxA=,+2nrgrnT06cCw8ipfpR/e6BaaRA=
247,1529,3FQQQv+xTFnC6eu2HcvY0IriPxA=,+2nrgrnT06cCw8ipfpR/e6BaaRA=
248,1529,3FQQQv+xTFnC6eu2HcvY0IriPxA=,+2nrgrnT06cCw8ipfpR/e6BaaRA=
246,1529,3FQQQv+xTFnC6eu2HcvY0IriPxA=,+2nrgrnT06cCw8ipfpR/e6BaaRA=
243,1529,3FQQQv+xTFnC6eu2HcvY0IriPxA=,+2nrgrnT06cCw8ipfpR/e6BaaRA=
245,1529,3FQQQv+xTFnC6eu2HcvY0IriPxA=,+2nrgrnT06cCw8ipfpR/e6BaaRA=
242,1529,3FQQQv+xTFnC6eu2HcvY0IriPxA=,+2nrgrnT06cCw8ipfpR/e6BaaRA=
244,1529,3FQQQv+xTFnC6eu2HcvY0IriPxA=,+2nrgrnT06cCw8ipfpR/e6BaaRA=
240,1529,3FQQQv+xTFnC6eu2HcvY0IriPxA=,+2nrgrnT06cCw8ipfpR/e6BaaRA=
255,1528,3FQQQv+xTFnC6eu2HcvY0IriPxA=,+2nrgrnT06cCw8ipfpR/e6BaaRA=
241,1529,3FQQQv+xTFnC6eu2HcvY0IriPxA=,+2nrgrnT06cCw8ipfpR/e6BaaRA=
254,1528,3FQQQv+xTFnC6eu2HcvY0IriPxA=,+2nrgrnT06cCw8ipfpR/e6BaaRA=
252,1528,3FQQQv+xTFnC6eu2HcvY0IriPxA=,+2nrgrnT06cCw8ipfpR/e6BaaRA=
251,1528,3FQQQv+xTFnC6eu2HcvY0IriPxA=,+2nrgrnT06cCw8ipfpR/e6BaaRA=
250,1528,3FQQQv+xTFnC6eu2HcvY0IriPxA=,+2nrgrnT06cCw8ipfpR/e6BaaRA=
253,1528,3FQQQv+xTFnC6eu2HcvY0IriPxA=,+2nrgrnT06cCw8ipfpR/e6BaaRA=
248,1528,3FQQQv+xTFnC6eu2HcvY0IriPxA=,+2nrgrnT06cCw8ipfpR/e6BaaRA=
246,1528,3FQQQv+xTFnC6eu2HcvY0IriPxA=,+2nrgrnT06cCw8ipfpR/e6BaaRA=
249,1528,3FQQQv+xTFnC6eu2HcvY0IriPxA=,+2nrgrnT06cCw8ipfpR/e6BaaRA=
243,1528,3FQQQv+xTFnC6eu2HcvY0IriPxA=,+2nrgrnT06cCw8ipfpR/e6BaaRA=
245,1528,3FQQQv+xTFnC6eu2HcvY0IriPxA=,+2nrgrnT06cCw8ipfpR/e6BaaRA=
241,1528,3FQQQv+xTFnC6eu2HcvY0IriPxA=,+2nrgrnT06cCw8ipfpR/e6BaaRA=
247,1528,3FQQQv+xTFnC6eu2HcvY0IriPxA=,+2nrgrnT06cCw8ipfpR/e6BaaRA=
244,1528,3FQQQv+xTFnC6eu2HcvY0IriPxA=,+2nrgrnT06cCw8ipfpR/e6BaaRA=
250,1521,3FQQQv+xTFnC6eu2HcvY0IriPxA=,+2nrgrnT06cCw8ipfpR/e6BaaRA=
240,1528,3FQQQv+xTFnC6eu2HcvY0IriPxA=,+2nrgrnT06cCw8ipfpR/e6BaaRA=
254,1527,3FQQQv+xTFnC6eu2HcvY0IriPxA=,+2nrgrnT06cCw8ipfpR/e6BaaRA=
255,1527,3FQQQv+xTFnC6eu2HcvY0IriPxA=,+2nrgrnT06cCw8ipfpR/e6BaaRA=
253,1527,3FQQQv+xTFnC6eu2HcvY0IriPxA=,+2nrgrnT06cCw8ipfpR/e6BaaRA=
248,1527,3FQQQv+xTFnC6eu2HcvY0IriPxA=,+2nrgrnT06cCw8ipfpR/e6BaaRA=
252,1527,3FQQQv+xTFnC6eu2HcvY0IriPxA=,+2nrgrnT06cCw8ipfpR/e6BaaRA=
251,1527,3FQQQv+xTFnC6eu2HcvY0IriPxA=,+2nrgrnT06cCw8ipfpR/e6BaaRA=
249,1527,3FQQQv+xTFnC6eu2HcvY0IriPxA=,+2nrgrnT06cCw8ipfpR/e6BaaRA=
242,1528,3FQQQv+xTFnC6eu2HcvY0IriPxA=,+2nrgrnT06cCw8ipfpR/e6BaaRA=
246,1527,3FQQQv+xTFnC6eu2HcvY0IriPxA=,+2nrgrnT06cCw8ipfpR/e6BaaRA=
250,1527,3FQQQv+xTFnC6eu2HcvY0IriPxA=,+2nrgrnT06cCw8ipfpR/e6BaaRA=
251,1521,3FQQQv+xTFnC6eu2HcvY0IriPxA=,+2nrgrnT06cCw8ipfpR/e6BaaRA=
245,1527,3FQQQv+xTFnC6eu2HcvY0IriPxA=,+2nrgrnT06cCw8ipfpR/e6BaaRA=
247,1527,3FQQQv+xTFnC6eu2HcvY0IriPxA=,+2nrgrnT06cCw8ipfpR/e6BaaRA=
255,1526,3FQQQv+xTFnC6eu2HcvY0IriPxA=,+2nrgrnT06cCw8ipfpR/e6BaaRA=
253,1526,3FQQQv+xTFnC6eu2HcvY0IriPxA=,+2nrgrnT06cCw8ipfpR/e6BaaRA=
254,1526,3FQQQv+xTFnC6eu2HcvY0IriPxA=,+2nrgrnT06cCw8ipfpR/e6BaaRA=
244,1527,3FQQQv+xTFnC6eu2HcvY0IriPxA=,+2nrgrnT06cCw8ipfpR/e6BaaRA=
251,1526,3FQQQv+xTFnC6eu2HcvY0IriPxA=,+2nrgrnT06cCw8ipfpR/e6BaaRA=
250,1526,3FQQQv+xTFnC6eu2HcvY0IriPxA=,+2nrgrnT06cCw8ipfpR/e6BaaRA=
249,1526,3FQQQv+xTFnC6eu2HcvY0IriPxA=,+2nrgrnT06cCw8ipfpR/e6BaaRA=
252,1526,3FQQQv+xTFnC6eu2HcvY0IriPxA=,+2nrgrnT06cCw8ipfpR/e6BaaRA=
246,1526,3FQQQv+xTFnC6eu2HcvY0IriPxA=,+2nrgrnT06cCw8ipfpR/e6BaaRA=
244,1526,3FQQQv+xTFnC6eu2HcvY0IriPxA=,+2nrgrnT06cCw8ipfpR/e6BaaRA=
248,1526,3FQQQv+xTFnC6eu2HcvY0IriPxA=,+2nrgrnT06cCw8ipfpR/e6BaaRA=
252,1521,3FQQQv+xTFnC6eu2HcvY0IriPxA=,+2nrgrnT06cCw8ipfpR/e6BaaRA=
247,1526,3FQQQv+xTFnC6eu2HcvY0IriPxA=,+2nrgrnT06cCw8ipfpR/e6BaaRA=
255,1525,3FQQQv+xTFnC6eu2HcvY0IriPxA=,+2nrgrnT06cCw8ipfpR/e6BaaRA=
245,1526,3FQQQv+xTFnC6eu2HcvY0IriPxA=,+2nrgrnT06cCw8ipfpR/e6BaaRA=
255,1521,3FQQQv+xTFnC6eu2HcvY0IriPxA=,+2nrgrnT06cCw8ipfpR/e6BaaRA=
253,1525,3FQQQv+xTFnC6eu2HcvY0IriPxA=,+2nrgrnT06cCw8ipfpR/e6BaaRA=
247,1525,3FQQQv+xTFnC6eu2HcvY0IriPxA=,+2nrgrnT06cCw8ipfpR/e6BaaRA=
244,1525,3FQQQv+xTFnC6eu2HcvY0IriPxA=,+2nrgrnT06cCw8ipfpR/e6BaaRA=
245,1525,3FQQQv+xTFnC6eu2HcvY0IriPxA=,+2nrgrnT06cCw8ipfpR/e6BaaRA=
255,1524,3FQQQv+xTFnC6eu2HcvY0IriPxA=,+2nrgrnT06cCw8ipfpR/e6BaaRA=
253,1524,3FQQQv+xTFnC6eu2HcvY0IriPxA=,+2nrgrnT06cCw8ipfpR/e6BaaRA=
254,1524,3FQQQv+xTFnC6eu2HcvY0IriPxA=,+2nrgrnT06cCw8ipfpR/e6BaaRA=
253,1521,3FQQQv+xTFnC6eu2HcvY0IriPxA=,+2nrgrnT06cCw8ipfpR/e6BaaRA=
240,1522,3FQQQv+xTFnC6eu2HcvY0IriPxA=,+2nrgrnT06cCw8ipfpR/e6BaaRA=
241,1522,3FQQQv+xTFnC6eu2HcvY0IriPxA=,+2nrgrnT06cCw8ipfpR/e6BaaRA=
248,1524,3FQQQv+xTFnC6eu2HcvY0IriPxA=,+2nrgrnT06cCw8ipfpR/e6BaaRA=
251,1524,3FQQQv+xTFnC6eu2HcvY0IriPxA=,+2nrgrnT06cCw8ipfpR/e6BaaRA=
242,1522,3FQQQv+xTFnC6eu2HcvY0IriPxA=,+2nrgrnT06cCw8ipfpR/e6BaaRA=
247,1524,3FQQQv+xTFnC6eu2HcvY0IriPxA=,+2nrgrnT06cCw8ipfpR/e6BaaRA=
246,1524,3FQQQv+xTFnC6eu2HcvY0IriPxA=,+2nrgrnT06cCw8ipfpR/e6BaaRA=
252,1524,3FQQQv+xTFnC6eu2HcvY0IriPxA=,+2nrgrnT06cCw8ipfpR/e6BaaRA=
249,1524,3FQQQv+xTFnC6eu2HcvY0IriPxA=,+2nrgrnT06cCw8ipfpR/e6BaaRA=
245,1524,3FQQQv+xTFnC6eu2HcvY0IriPxA=,+2nrgrnT06cCw8ipfpR/e6BaaRA=
243,1522,3FQQQv+xTFnC6eu2HcvY0IriPxA=,+2nrgrnT06cCw8ipfpR/e6BaaRA=
244,1524,3FQQQv+xTFnC6eu2HcvY0IriPxA=,+2nrgrnT06cCw8ipfpR/e6BaaRA=
255,1523,3FQQQv+xTFnC6eu2HcvY0IriPxA=,+2nrgrnT06cCw8ipfpR/e6BaaRA=
251,1525,3FQQQv+xTFnC6eu2HcvY0IriPxA=,+2nrgrnT06cCw8ipfpR/e6BaaRA=
250,1524,3FQQQv+xTFnC6eu2HcvY0IriPxA=,+2nrgrnT06cCw8ipfpR/e6BaaRA=
244,1522,3FQQQv+xTFnC6eu2HcvY0IriPxA=,+2nrgrnT06cCw8ipfpR/e6BaaRA=
252,1525,3FQQQv+xTFnC6eu2HcvY0IriPxA=,+2nrgrnT06cCw8ipfpR/e6BaaRA=
251,1523,3FQQQv+xTFnC6eu2HcvY0IriPxA=,+2nrgrnT06cCw8ipfpR/e6BaaRA=
253,1523,3FQQQv+xTFnC6eu2HcvY0IriPxA=,+2nrgrnT06cCw8ipfpR/e6BaaRA=
254,1523,3FQQQv+xTFnC6eu2HcvY0IriPxA=,+2nrgrnT06cCw8ipfpR/e6BaaRA=
250,1523,3FQQQv+xTFnC6eu2HcvY0IriPxA=,+2nrgrnT06cCw8ipfpR/e6BaaRA=
245,1522,3FQQQv+xTFnC6eu2HcvY0IriPxA=,+2nrgrnT06cCw8ipfpR/e6BaaRA=
252,1523,3FQQQv+xTFnC6eu2HcvY0IriPxA=,+2nrgrnT06cCw8ipfpR/e6BaaRA=
248,1523,3FQQQv+xTFnC6eu2HcvY0IriPxA=,+2nrgrnT06cCw8ipfpR/e6BaaRA=
249,1523,3FQQQv+xTFnC6eu2HcvY0IriPxA=,+2nrgrnT06cCw8ipfpR/e6BaaRA=
246,1523,3FQQQv+xTFnC6eu2HcvY0IriPxA=,+2nrgrnT06cCw8ipfpR/e6BaaRA=
247,1523,3FQQQv+xTFnC6eu2HcvY0IriPxA=,+2nrgrnT06cCw8ipfpR/e6BaaRA=
254,1521,3FQQQv+xTFnC6eu2HcvY0IriPxA=,+2nrgrnT06cCw8ipfpR/e6BaaRA=
245,1523,3FQQQv+xTFnC6eu2HcvY0IriPxA=,+2nrgrnT06cCw8ipfpR/e6BaaRA=
246,1522,3FQQQv+xTFnC6eu2HcvY0IriPxA=,+2nrgrnT06cCw8ipfpR/e6BaaRA=
244,1523,3FQQQv+xTFnC6eu2HcvY0IriPxA=,+2nrgrnT06cCw8ipfpR/e6BaaRA=
247,1522,3FQQQv+xTFnC6eu2HcvY0IriPxA=,+2nrgrnT06cCw8ipfpR/e6BaaRA=
240,1523,3FQQQv+xTFnC6eu2HcvY0IriPxA=,+2nrgrnT06cCw8ipfpR/e6BaaRA=
255,1522,3FQQQv+xTFnC6eu2HcvY0IriPxA=,+2nrgrnT06cCw8ipfpR/e6BaaRA=
248,1522,3FQQQv+xTFnC6eu2HcvY0IriPxA=,+2nrgrnT06cCw8ipfpR/e6BaaRA=
241,1523,3FQQQv+xTFnC6eu2HcvY0IriPxA=,+2nrgrnT06cCw8ipfpR/e6BaaRA=
254,1522,3FQQQv+xTFnC6eu2HcvY0IriPxA=,+2nrgrnT06cCw8ipfpR/e6BaaRA=
242,1523,3FQQQv+xTFnC6eu2HcvY0IriPxA=,+2nrgrnT06cCw8ipfpR/e6BaaRA=
250,1525,3FQQQv+xTFnC6eu2HcvY0IriPxA=,+2nrgrnT06cCw8ipfpR/e6BaaRA=
243,1523,3FQQQv+xTFnC6eu2HcvY0IriPxA=,+2nrgrnT06cCw8ipfpR/e6BaaRA=
251,1522,3FQQQv+xTFnC6eu2HcvY0IriPxA=,+2nrgrnT06cCw8ipfpR/e6BaaRA=
253,1522,3FQQQv+xTFnC6eu2HcvY0IriPxA=,+2nrgrnT06cCw8ipfpR/e6BaaRA=
252,1522,3FQQQv+xTFnC6eu2HcvY0IriPxA=,+2nrgrnT06cCw8ipfpR/e6BaaRA=
249,1522,3FQQQv+xTFnC6eu2HcvY0IriPxA=,+2nrgrnT06cCw8ipfpR/e6BaaRA=
250,1522,3FQQQv+xTFnC6eu2HcvY0IriPxA=,+2nrgrnT06cCw8ipfpR/e6BaaRA=
240,1525,3FQQQv+xTFnC6eu2HcvY0IriPxA=,+2nrgrnT06cCw8ipfpR/e6BaaRA=
242,1524,3FQQQv+xTFnC6eu2HcvY0IriPxA=,+2nrgrnT06cCw8ipfpR/e6BaaRA=
242,1526,3FQQQv+xTFnC6eu2HcvY0IriPxA=,+2nrgrnT06cCw8ipfpR/e6BaaRA=
242,1527,3FQQQv+xTFnC6eu2HcvY0IriPxA=,+2nrgrnT06cCw8ipfpR/e6BaaRA=
241,1526,3FQQQv+xTFnC6eu2HcvY0IriPxA=,+2nrgrnT06cCw8ipfpR/e6BaaRA=
240,1524,3FQQQv+xTFnC6eu2HcvY0IriPxA=,+2nrgrnT06cCw8ipfpR/e6BaaRA=
243,1526,3FQQQv+xTFnC6eu2HcvY0IriPxA=,+2nrgrnT06cCw8ipfpR/e6BaaRA=
241,1525,3FQQQv+xTFnC6eu2HcvY0IriPxA=,+2nrgrnT06cCw8ipfpR/e6BaaRA=
241,1524,3FQQQv+xTFnC6eu2HcvY0IriPxA=,+2nrgrnT06cCw8ipfpR/e6BaaRA=
240,1527,3FQQQv+xTFnC6eu2HcvY0IriPxA=,+2nrgrnT06cCw8ipfpR/e6BaaRA=
246,1525,3FQQQv+xTFnC6eu2HcvY0IriPxA=,+2nrgrnT06cCw8ipfpR/e6BaaRA=
242,1525,3FQQQv+xTFnC6eu2HcvY0IriPxA=,+2nrgrnT06cCw8ipfpR/e6BaaRA=
240,1526,3FQQQv+xTFnC6eu2HcvY0IriPxA=,+2nrgrnT06cCw8ipfpR/e6BaaRA=
243,1527,3FQQQv+xTFnC6eu2HcvY0IriPxA=,+2nrgrnT06cCw8ipfpR/e6BaaRA=
241,1527,3FQQQv+xTFnC6eu2HcvY0IriPxA=,+2nrgrnT06cCw8ipfpR/e6BaaRA=
243,1524,3FQQQv+xTFnC6eu2HcvY0IriPxA=,+2nrgrnT06cCw8ipfpR/e6BaaRA=
254,1525,3FQQQv+xTFnC6eu2HcvY0IriPxA=,+2nrgrnT06cCw8ipfpR/e6BaaRA=
243,1525,3FQQQv+xTFnC6eu2HcvY0IriPxA=,+2nrgrnT06cCw8ipfpR/e6BaaRA=
248,1525,3FQQQv+xTFnC6eu2HcvY0IriPxA=,+2nrgrnT06cCw8ipfpR/e6BaaRA=
249,1525,3FQQQv+xTFnC6eu2HcvY0IriPxA=,+2nrgrnT06cCw8ipfpR/e6BaaRA=
